# x y z
0.714286 0.500000 0.033898
0.356587 0.976053 0.803938
0.182363 0.364725 0.042614
0.563986 0.171935 0.107787
0.988393 0.039106 0.222411
0.334265 0.528842 0.193373
0.097404 0.597404 0.107050
0.785714 0.357143 0.960465
0.577510 0.605742 0.194116
0.247877 0.676448 0.924159
0.302468 0.232306 0.805400
0.101690 0.529362 0.867914
0.857143 0.642857 0.996108
0.714286 0.285714 0.041143
0.846620 0.820186 0.939099
0.714286 0.214286 0.000000
0.642857 0.928571 0.898761
0.600122 0.992474 0.177886
0.300822 0.673537 0.977077
0.652021 0.015151 0.104529
0.357143 0.954012 0.107031
0.181357 0.182916 0.000667
0.642857 0.428571 0.976232
0.476959 0.102059 0.888022
0.857143 0.214286 0.996108
0.204694 0.816682 0.026970
0.103491 0.467179 0.162057
0.474697 0.803041 0.231618
0.192842 0.899913 0.152962
0.919614 0.372267 0.258772
0.492377 0.561344 0.868689
0.025267 0.769833 0.160969
0.500000 0.071429 0.976449
0.040700 0.493651 0.067797
0.228840 0.678314 0.829391
0.101841 0.928360 0.872231
0.691301 0.026540 0.232684
0.071429 0.594653 0.000067
0.503181 0.896151 0.118644
0.006035 0.340899 0.720432
0.318958 0.423868 0.058620
0.428571 0.142857 1.000000
0.700973 0.988101 0.944432
0.461355 0.175640 0.028361
0.642857 0.357143 0.025748
0.500000 0.000000 0.995047
0.854275 0.976567 0.068548
0.692926 0.572189 0.800479
0.195831 0.737764 0.005582
0.586392 0.748656 0.919384
0.142857 0.642857 0.160887
0.371206 0.480766 0.786523
0.302586 0.821428 0.958587
0.388568 0.693604 0.002549
0.329531 0.008218 0.042603
0.928795 0.896005 0.051133
0.729314 0.831173 0.169492
0.403228 0.032751 0.684493
0.669161 0.514024 0.170189
0.857143 0.511812 0.058268
0.611734 0.084214 0.940020
0.000351 0.871787 0.997127
0.741851 0.214286 0.966102
0.714286 0.428571 0.056484
0.668152 0.693811 0.121435
0.714286 0.357143 0.975469
0.571429 0.500000 0.995649
0.173124 0.811171 0.807046
0.469579 0.423127 0.016949
0.646222 0.991678 0.785080
0.621111 0.736223 1.000000
0.230566 0.971811 0.940357
0.928571 0.642857 0.023664
0.324769 0.374741 0.941259
0.102708 0.740004 0.969424
0.500000 0.447916 0.996874
0.428571 0.731447 0.962334
0.989244 0.740271 0.839720
0.014491 0.055133 0.781223
0.322513 0.893941 0.005692
0.012005 0.369148 1.000000
0.583073 0.024995 0.050764
0.928571 0.357143 0.040096
0.642857 0.071429 0.995713
0.214286 0.714286 0.093261
0.152243 0.532570 0.199133
0.785714 0.285714 0.033898
0.341574 0.958826 0.285103
0.225810 0.540172 0.874139
0.852902 0.201834 0.896488
0.169380 0.285780 0.112172
0.776161 0.086197 0.029371
0.451589 0.689001 0.247635
0.571429 0.357143 0.024613
0.601704 0.335464 0.949153
0.932712 0.862406 0.164407
0.997248 0.488338 0.129212
0.714286 0.357143 1.000000
0.914882 0.362311 0.381164
0.134557 0.325389 0.847091
0.270396 0.857143 0.195496
0.571429 0.995117 0.006290
0.406227 0.966604 0.826037
0.857143 0.285714 0.983051
0.571429 0.214286 0.995118
0.514448 0.813159 0.803299
0.066993 0.743521 0.871851
0.988220 0.511507 0.866623
0.593496 0.212487 0.918332
0.301168 0.596553 0.366898
0.423478 0.530410 0.024169
0.887153 0.019775 0.916262
0.642857 0.214286 0.005655
0.430643 0.312681 0.143858
0.571429 0.142857 0.040333
0.321448 0.821877 0.990509
0.108186 0.991702 0.950811
0.891949 0.504516 0.100789
0.714286 0.142857 0.016949
0.039780 0.737445 0.091367
0.523147 0.729565 0.114463
0.759700 0.862257 0.887416
0.753669 0.545910 0.090980
0.571429 0.006707 0.914756
0.428571 0.785714 0.097813
0.573639 0.638103 0.711821
0.191916 0.383833 0.974214
0.458556 0.629027 0.211490
0.191975 0.596272 0.169492
0.371376 0.189830 0.761016
0.318714 0.646585 0.205563
0.216820 0.529749 0.071749
0.770012 0.780671 0.800898
0.428571 0.928571 0.152062
0.070687 0.542640 0.912057
0.693500 0.969247 0.647328
0.785714 0.214286 0.995713
0.642857 0.500000 0.033898
0.428571 0.750000 0.924488
0.376703 0.588910 0.888352
0.479912 0.665629 0.881356
0.459944 0.959944 0.106242
0.714286 0.357143 0.050847
0.857143 0.500000 0.024613
0.996598 0.266634 0.949143
0.550072 0.499910 0.229408
0.571429 0.214286 0.033898
0.317287 0.362582 0.030259
0.240985 0.225854 0.056775
0.642857 0.571429 0.016949
0.736160 0.472327 0.926914
0.822765 0.002922 0.824920
0.184393 0.019485 0.024796
0.428571 0.285714 0.005367
0.141435 0.731451 0.202283
0.705246 0.020679 0.150997
0.733238 0.180836 0.814776
0.112499 0.492876 0.806473
0.737001 0.824210 0.143536
0.659495 0.014277 0.966251
0.778073 0.495917 0.127346
0.571429 0.357143 0.995118
0.738386 0.987568 0.994917
0.873187 0.474864 0.946988
0.010684 0.181881 0.924173
0.183261 0.694181 0.859272
0.179169 0.571429 0.955975
0.386474 0.873698 0.899608
0.079091 0.765889 0.767747
0.588137 0.445280 0.918075
0.022138 0.440185 0.231364
0.500000 0.928571 0.093630
0.653475 0.018925 0.874570
0.618652 0.571429 0.995584
0.264770 0.014891 0.844456
0.714286 0.285714 0.966102
0.470231 0.218988 0.091477
0.842333 0.130637 0.855453
0.317149 0.685831 0.273032
0.642857 0.142857 0.995497
0.303208 0.532622 0.113858
0.179779 0.467563 0.140964
0.520893 0.663751 0.091031
0.516796 0.987497 0.804013
1.000000 0.785714 0.995418
0.231291 0.406425 0.161270
0.108725 0.428571 0.906785
0.242567 0.714087 0.248399
0.003218 0.667793 0.131709
0.819091 0.742408 0.966102
0.980492 0.202118 0.017258
0.445419 0.890838 0.190194
0.428571 0.214286 0.023592
0.785714 0.785714 0.000743
0.623860 0.973220 0.041468
0.714286 0.500000 0.960569
0.000000 0.571429 0.033898
0.333715 0.667430 0.830508
0.501088 0.006242 0.948366
0.752029 0.202646 0.294753
0.071429 0.657917 0.898873
0.357143 0.729977 0.056617
0.785714 0.571429 0.000000
0.849128 0.994009 0.163576
0.195295 0.714286 0.942137
0.707927 0.818094 0.045253
0.972563 0.318521 0.039364
0.173156 0.819212 0.179315
0.589940 0.857143 0.058242
0.714286 0.428571 0.016949
0.785714 0.214286 0.024018
0.518855 0.980775 0.250511
0.785714 0.285714 0.000000
0.296004 0.018573 0.116575
0.621951 0.803506 0.969690
0.857143 0.357143 0.024613
0.828609 0.172046 0.960257
0.383450 0.924418 0.199408
0.040118 0.598046 0.128238
0.476842 0.214286 0.960653
0.310155 0.548025 0.161531
0.500000 0.214286 0.005444
0.373836 0.556876 0.073173
0.745250 0.597001 0.059748
0.024344 0.423798 0.126143
0.611389 0.460039 0.098451
0.322358 0.353613 0.973562
0.477079 0.029889 0.354525
0.500000 0.214286 0.983051
0.642857 0.285714 0.016949
0.463459 0.677744 0.939625
0.180044 0.022723 0.996733
0.489270 0.966140 0.889047
0.297416 0.822481 0.805571
0.027411 0.730912 0.042828
0.216850 0.188872 0.950894
0.785714 0.500000 0.960625
0.404990 0.458670 0.143362
0.378180 0.464005 0.000099
0.299498 0.699599 0.010241
0.258669 0.445572 0.004309
0.383039 0.826710 0.808672
0.372554 0.428571 0.898790
0.523101 0.737387 0.904627
0.723489 0.271208 0.706525
0.627121 0.534618 0.954087
0.665388 0.842406 0.075234
0.846438 0.696460 0.218675
0.660255 0.506121 0.888561
0.126989 0.450236 0.877543
0.825828 0.608714 0.882939
0.234474 0.877577 0.867772
0.744697 0.972891 0.079651
0.559565 0.172937 0.080517
0.445665 0.957193 0.055248
0.585217 0.889318 0.927338
0.357143 0.642857 0.084773
0.571429 0.428571 0.033898
0.374354 0.688282 0.224673
0.996657 0.444043 0.768462
0.748939 0.177113 0.088119
0.949186 0.904700 0.954788
0.026040 0.558314 0.158986
0.683248 0.038462 0.066561
0.627402 0.303113 0.881624
0.571429 0.071429 0.995649
0.636745 0.358308 0.085935
0.264489 0.864295 0.771010
0.102828 0.853108 0.998412
0.325621 0.127349 1.000000
0.728642 0.801749 0.253142
0.714286 0.500000 0.983051
0.785714 0.642857 0.996049
0.553159 0.538017 0.927517
0.484131 0.447999 0.915829
0.183546 0.933597 0.081709
0.785714 0.357143 1.000000
0.120409 0.763267 0.909442
0.785714 0.142857 0.996049
0.386402 0.272494 0.029845
0.857143 0.428571 0.966102
0.803677 0.794605 0.073194
0.972743 0.345914 0.907335
0.269583 0.263258 0.268079
0.942216 0.791191 0.683689
0.589354 0.996953 0.135149
0.020185 0.366750 0.936964
0.048578 0.392686 0.080969
0.054897 0.052672 0.132280
0.536470 0.401858 0.057959
0.402634 0.616920 0.106345
0.446733 0.661019 0.154133
0.785714 0.357143 0.050847
0.659857 0.643578 0.150958
0.187549 0.500464 0.978805
0.623431 0.802887 0.885658
0.202847 0.880188 0.108835
0.928571 0.500000 0.000000
0.074073 0.172083 0.041555
0.505720 0.612105 0.159197
0.423350 0.996741 0.758786
0.500000 0.142857 0.016949
0.521477 0.619462 0.915254
0.857143 0.193537 0.016949
0.687942 0.567184 0.934758
0.857143 0.500000 0.995118
0.082397 0.155452 0.673922
0.928571 0.500000 0.024249
0.500000 0.285714 0.039998
0.857143 0.428571 0.056458
0.714286 0.571429 0.023972
0.008388 0.160812 0.165827
0.785714 0.285714 0.960625
0.785714 0.571429 0.039998
0.586463 0.586463 0.031956
0.285714 0.402203 0.906790
0.598400 0.734857 0.809294
0.282822 0.570843 0.234925
0.571429 0.285714 0.016949
0.601704 0.335464 0.067797
0.791539 0.461646 0.210758
0.901653 0.528511 0.908851
0.428571 0.857143 0.061112
0.306558 0.506065 0.943900
0.994458 0.100525 0.082208
0.232281 0.757949 0.722618
0.410571 0.095366 0.941797
0.943558 0.709707 0.803369
0.000000 0.500000 0.958752
0.595187 0.797992 0.168821
0.845968 0.360538 0.883847
0.890223 0.005736 0.006453
0.521663 0.903272 0.956045
0.857143 0.736614 0.983051
0.080845 0.821197 0.126731
0.428571 0.357143 0.995832
0.307499 0.980663 0.977131
0.642857 0.428571 0.926647
0.510339 0.357266 0.805663
0.714286 0.285714 0.016949
0.073708 0.321852 0.917464
0.430385 0.823094 0.995722
0.003980 0.455469 0.899984
0.503362 0.768335 0.135465
0.223759 0.157027 0.899800
0.330755 0.750239 0.751869
0.988654 0.259821 0.132336
0.657640 0.678759 0.216580
0.472342 0.012238 0.076665
0.428178 0.892095 0.932203
0.714286 0.142857 0.040096
0.016419 0.178377 0.883865
0.224812 0.994172 0.773186
0.157128 0.260587 0.975942
0.055062 0.676785 0.284284
0.536474 0.509643 0.118644
0.795043 0.350493 0.185145
0.515817 0.890886 0.173806
0.015748 0.642857 0.983051
0.807938 0.403969 0.927119
0.928571 0.530199 0.056676
0.460652 0.817795 0.823312
0.847187 0.344143 0.087753
0.485432 0.897490 0.140251
0.142857 0.714286 0.077449
0.428571 0.006668 0.125836
0.714286 0.571429 0.976853
0.571429 0.500000 0.016949
0.498768 0.607085 0.129352
0.960668 0.577836 0.710730
0.714286 0.500000 1.000000
0.009917 0.549456 0.211868
0.367426 0.993920 0.073495
0.405821 0.373191 0.930206
0.907903 0.186582 0.109574
0.500000 0.928571 0.915254
0.441524 0.382477 0.876464
0.442858 0.488210 0.947536
0.285714 0.571429 0.093048
0.500000 0.285714 0.016949
0.642857 0.285714 0.983051
0.122585 0.736398 0.101695
0.143319 0.388433 0.231529
0.500000 0.071429 0.005423
0.928571 0.214286 0.001596
0.992822 0.315879 0.072151
0.288054 0.884867 0.131731
0.676727 0.277157 0.133968
0.118819 0.453690 0.043028
0.752093 0.500000 0.056351
0.289813 0.897654 0.082332
0.428571 0.538828 0.109953
0.537147 0.361492 0.691841
0.428571 0.642857 0.067797
0.357143 1.000000 0.005518
0.571429 0.428571 0.995497
0.353059 0.451998 0.822875
0.106398 0.009650 0.595028
0.106459 0.290750 0.001667
0.618541 0.418818 0.138775
0.071429 0.428571 0.110156
0.627247 0.595177 0.079504
0.829390 0.728853 0.040365
0.316483 0.673626 0.849664
0.166211 0.624903 0.189328
0.616657 0.974357 0.832796
0.357143 0.755320 0.867324
0.461973 0.589523 0.927474
0.755088 0.952117 0.343044
0.597745 0.176702 0.229851
0.857143 0.357143 0.960569
0.600526 0.713987 0.837252
0.276511 0.822166 0.227997
0.993734 0.600050 0.092502
0.682252 0.692296 0.311516
0.374388 0.801907 0.072719
0.410925 0.009137 0.863148
0.780123 0.688016 0.910144
0.169864 0.741135 0.885373
0.512374 0.848945 0.768917
0.007163 0.032893 0.730968
0.857143 0.285714 0.039998
0.776051 0.454547 0.834443
0.714286 0.357143 0.949153
0.785714 0.500000 0.000581
0.003973 0.043554 0.951764
0.295856 0.106895 0.938883
0.030166 0.013506 0.003326
0.357143 0.818321 0.830508
0.428571 0.714286 0.084773
0.573867 0.457162 0.962397
0.729845 0.759537 0.923512
0.403359 0.631187 0.048876
0.714286 0.428571 0.983051
0.017108 0.120286 0.004344
0.290692 0.224035 0.189696
0.270525 0.598799 0.922287
0.329835 0.802122 0.045744
0.714286 0.285714 0.944496
0.315073 0.957930 0.113654
0.508921 0.017252 0.848244
0.642857 0.214286 0.960491
0.642857 0.285714 0.056484
0.398074 0.444522 0.864407
0.900490 0.587465 0.943159
0.156691 0.251117 0.077280
0.357143 0.428571 0.110156
0.873865 0.285714 0.961963
0.894052 0.028408 0.118755
0.538929 0.797939 0.837837
0.620302 0.660345 0.928352
0.146570 0.890189 0.056767
0.357371 0.302962 0.900048
0.163124 0.762530 0.842322
0.934069 0.332929 0.107435
0.857143 0.428571 1.000000
0.166300 0.340458 0.753203
0.015034 0.595164 0.961960
0.611614 0.138320 0.889411
0.857143 0.357143 0.983051
0.534624 0.568611 0.960090
0.642857 0.214286 0.040717
0.990860 0.540859 0.927344
0.547963 0.614678 0.785954
0.218764 0.679708 0.212446
0.357143 0.500000 0.093735
0.785714 0.285714 0.983051
0.744178 0.194264 0.133023
0.447149 0.226229 0.851620
0.785714 0.357143 0.983051
0.440534 0.030329 0.099417
0.928571 0.285714 0.016949
0.857143 0.428571 0.983051
0.540033 0.516309 0.095148
0.677418 0.908363 0.807942
0.169733 0.313352 0.895262
0.173864 0.586354 0.113641
0.344339 0.306336 0.997795
0.714286 0.571429 1.000000
0.285714 0.357143 0.110138
0.470115 0.209556 0.058007
0.215455 0.715455 0.067797
0.372852 0.816166 0.235809
0.357143 0.605368 0.924068
0.000000 0.500000 0.033898
0.129849 0.785714 0.070066
0.451846 0.603102 0.182530
0.603831 0.891560 0.146701
0.571429 0.000000 0.974961
0.642857 0.285714 1.000000
0.448741 0.993396 0.914956
0.785714 0.571429 0.016949
0.618905 0.097488 0.094684
0.803705 0.031446 0.043305
0.722819 0.912486 0.914799
0.737770 0.835014 0.112796
0.593363 0.726527 0.184136
0.265723 0.745643 0.649792
0.428571 0.857143 0.872253
0.219752 0.986077 0.806328
0.699793 0.428571 0.958170
0.714286 0.285714 1.000000
0.607147 0.787724 0.218513
0.982703 0.293023 0.832785
0.401098 0.812996 0.954269
0.018620 0.747855 0.905987
1.000000 0.428571 0.005436
0.751134 0.722534 0.876730
0.214286 0.749226 0.161297
0.532605 0.327061 0.961752
0.506652 0.006652 0.144175
0.785714 0.285714 0.016949
0.973676 0.846015 0.030483
0.495178 0.614848 0.851352
0.197592 0.453855 0.843855
0.642857 0.500000 0.016949
0.814210 0.183142 0.769487
0.428571 0.928571 0.962235
0.020799 0.439766 0.983051
0.183909 0.438949 0.118644
0.883070 0.990345 0.974624
0.785714 0.428571 0.056484
0.014471 0.850182 0.202712
0.239774 0.831655 0.060709
0.631927 0.752557 0.861172
0.888008 0.653630 0.076143
1.000000 0.428571 0.040834
0.085956 0.998103 0.182081
0.316115 0.632230 0.136000
0.642857 0.357143 0.975806
0.928571 0.345607 0.958493
0.203268 0.924567 0.216435
0.137313 0.280965 0.185093
0.695011 0.655996 0.836632
0.369310 0.019829 0.143305
0.388481 0.377938 0.118062
0.073089 0.324658 0.104687
0.390183 0.485442 0.172864
0.768619 0.653054 0.955979
0.183748 0.825478 0.988059
0.917881 0.718347 0.110397
0.642857 0.642857 0.000889
0.642857 0.428571 0.016949
0.710705 0.620680 0.123121
0.571429 0.285714 0.000000
0.990316 0.237975 0.055358
0.120482 0.728761 0.158864
0.909912 0.242425 0.168446
0.017344 0.917618 0.805531
0.450474 0.714286 0.836073
0.163911 0.926325 0.900144
0.571429 0.500000 0.040542
0.328048 0.964194 0.915254
0.298991 0.214152 0.014991
0.428286 0.315512 0.221925
0.468886 0.642857 0.898305
0.781842 0.998296 0.726593
0.413457 0.626355 0.751150
0.182865 0.584591 0.145662
0.785714 0.571429 0.939126
0.176072 0.085963 0.843765
0.619384 0.733123 0.155662
0.785714 0.357143 0.033898
0.714286 0.357143 0.033898
0.663844 0.711405 0.902591
0.714286 0.642857 0.976502
0.357143 0.770484 0.160914
0.522027 0.050806 0.169468
0.465756 0.413082 0.039330
0.785714 0.450501 0.028250
0.536475 0.510486 0.135593
0.614425 0.357143 0.050847
0.970172 0.793364 0.874725
0.301127 0.884825 0.898960
0.785714 0.285714 0.056324
0.073178 0.932998 0.135121
0.019038 0.959293 0.900711
0.536113 0.512585 0.833722
0.571429 0.214286 0.056380
0.750747 0.447074 0.299089
0.459765 0.745446 0.167308
0.558116 0.642857 0.007705
0.563501 0.468013 0.385373
0.928571 0.357143 0.016949
0.571429 0.857143 0.101751
0.272494 0.972874 0.003436
0.642857 0.428571 1.000000
0.714286 0.735645 0.996709
0.470508 0.052936 0.044773
0.500000 0.285714 0.983051
0.642857 0.142857 0.024249
0.662261 0.686742 0.957530
0.785714 0.714286 0.995856
0.268837 0.659889 0.072658
0.395585 0.442180 0.202137
0.253714 0.817715 0.939024
0.023480 0.386610 0.192949
0.395316 0.638939 0.788711
0.357143 0.071429 0.005385
0.027033 0.529777 0.186441
0.414092 0.291951 0.972829
0.571429 0.285714 0.040598
0.785714 0.428571 0.960465
0.123013 0.806431 0.939868
0.535469 0.467198 0.194004
0.240645 0.336144 0.005597
0.687607 0.145494 0.858043
0.755885 0.954659 0.143577
0.785714 0.428571 0.993802
0.874365 0.896956 0.003374
0.000000 0.500000 0.995549
0.714286 0.357143 0.016949
0.857143 0.571429 0.000000
0.214286 0.485158 0.930641
0.758437 0.013591 0.920550
0.338645 0.957202 0.939763
0.928571 0.642857 0.000000
0.500579 0.786293 0.036155
0.107569 0.327294 0.143224
0.232895 0.804323 0.101736
0.428571 0.785714 0.193768
0.265212 0.589354 0.996934
0.142840 0.003182 0.056957
0.938429 0.231856 0.217705
0.180104 0.329546 0.799151
0.981678 0.014098 0.291965
0.245483 0.270646 0.847638
0.737521 0.371361 0.096043
0.500000 0.142857 0.000000
0.677443 0.097741 0.908544
0.714286 0.500000 0.016949
0.500000 0.357143 1.000000
0.595599 0.544419 0.904668
0.629819 0.508443 0.855982
0.012699 0.822461 0.957559
0.642857 0.428571 0.033898
0.857675 0.839218 0.845233
0.750323 0.887195 0.973243
0.266986 0.533972 0.809665
0.000000 0.500000 0.016949
0.642857 0.285714 0.966102
0.642857 0.500000 0.995497
0.714286 0.285714 0.983051
0.642857 0.214286 0.983051
0.748043 0.972473 0.112599
0.430390 0.915645 0.010065
0.901569 0.191040 0.076214
0.714286 0.342399 0.925067
0.941315 0.733689 0.008494
0.714286 0.142857 0.000000
0.245615 0.028670 0.167592
0.158485 0.658961 0.039345
0.642857 0.857143 0.930106
0.315114 0.121329 0.975955
0.240638 0.741009 0.129563
0.318744 0.564445 0.864407
0.357143 0.714286 0.095753
0.668088 0.953802 0.107177
0.592991 0.664419 0.045195
0.928571 0.428571 0.016949
0.516272 0.871643 0.710829
0.938801 0.096080 0.987437
0.928571 0.571429 0.023972
0.820774 0.827143 0.220033
0.470897 0.571429 0.994168
0.992205 0.618373 0.904099
0.815203 0.186947 0.043195
0.779727 0.885395 0.935424
0.739563 0.668135 0.016949
0.776747 0.451366 0.773794
0.622782 0.152282 0.062611
0.192721 0.456539 0.101695
0.171133 0.551279 0.230969
0.332815 0.343894 0.732989
0.628237 0.500000 0.058963
0.588348 0.975963 0.290032
0.473412 0.737450 0.193616
0.806320 0.031011 0.957130
0.428571 0.142857 0.977106
0.868925 0.742840 0.004478
0.211647 0.990778 0.727167
0.428571 0.214286 0.996108
0.410835 0.874489 0.088988
0.830720 0.312146 0.926448
0.285714 0.428571 0.118188
0.861450 0.672423 0.938340
0.928571 0.571429 0.995763
0.362890 0.360013 0.169663
0.333395 0.666791 0.178538
0.388263 0.971917 0.231963
0.928571 0.804935 0.978172
0.428571 0.071429 0.005396
0.357143 0.751604 0.924724
0.457220 0.504001 0.071990
0.352680 0.751822 0.318272
0.428571 0.003736 0.166939
0.683684 0.735248 0.076882
0.065450 0.909375 0.839544
0.500000 0.785714 0.085789
0.857143 0.428571 0.024938
0.969146 0.393802 0.157040
0.714286 0.428571 0.000000
0.384774 0.977315 0.968452
0.152156 0.541658 0.839715
0.313768 0.533890 0.840982
0.322336 0.679479 0.809691
0.474638 0.571429 0.090586
0.626063 0.884576 0.995537
0.571429 0.214286 0.960569
0.857143 0.642857 0.023592
0.101526 0.660751 0.825012
0.917919 0.772735 0.275624
0.044161 0.953007 0.024727
0.539639 0.797677 0.941212
0.144158 0.061464 0.225327
0.357143 0.785714 0.193768
0.005559 0.719845 0.994641
0.011235 0.667707 0.061671
0.857143 0.581838 0.975370
0.766222 0.163965 0.927391
0.875960 0.359330 0.060778
0.985033 0.414620 0.833635
0.030533 0.655879 0.181726
0.222354 0.892051 0.840082
0.442274 0.450176 0.987903
0.401714 0.426240 0.843500
0.714286 0.642857 0.000000
0.928571 0.285714 0.996049
0.500000 0.785714 0.915254
0.521167 0.040496 0.123091
0.599014 0.654357 0.880588
0.945532 0.428571 0.974120
0.461780 0.171957 0.159450
0.439295 0.276094 0.310736
0.111332 0.387490 0.007132
0.770784 0.448440 0.885563
0.298879 0.820434 0.844519
0.571429 0.714286 0.890319
0.081844 0.638675 0.247245
0.357143 0.500000 0.914829
0.047267 0.635267 0.793336
0.163832 0.617630 0.005731
0.587066 0.293998 0.179360
0.500000 0.834039 0.869900
0.756322 0.113465 0.016949
0.912397 0.996950 0.872162
0.508384 0.328272 0.916684
0.044959 0.005186 0.435893
0.714286 0.357143 0.067797
0.129787 0.600608 0.888779
0.530773 0.140129 0.940376
0.928571 0.357143 0.995763
0.642857 0.272163 0.942164
0.336469 0.569393 0.015282
0.008754 0.822848 0.923619
0.136140 0.966837 0.335200
0.399482 0.533160 0.302407
0.869784 0.124862 0.999161
0.593929 0.210086 0.762931
0.000000 0.571429 0.005439
0.017284 0.517284 0.050847
0.783155 0.707825 0.746461
0.687090 0.758519 0.977807
0.461167 0.766298 0.891275
0.499823 0.880566 0.216328
0.500000 0.857143 0.044020
0.530544 0.519026 0.886543
0.184579 0.316099 0.930845
0.607351 0.862701 0.857660
0.800362 0.962364 0.781450
0.253338 0.398787 0.191797
0.285714 0.752234 0.162558
0.462178 0.400257 0.092833
0.736980 0.974974 0.857289
0.476140 0.857143 0.920871
0.432932 0.147074 0.909614
0.702945 0.149890 0.186364
0.039019 0.722634 0.012069
0.500000 0.357143 0.976853
0.428571 0.642857 0.084746
0.714286 0.214286 0.024613
0.428571 0.642857 0.915254
0.500000 0.857143 0.093261
0.669850 0.799435 0.943237
0.024604 0.654218 0.033898
0.588318 0.132807 0.972651
0.212461 0.606472 0.092970
0.942572 0.674809 0.974931
0.430252 0.814169 0.021052
0.479628 0.000000 0.027375
0.161365 0.694535 0.918951
0.812176 0.998443 0.256482
0.026572 0.726645 0.225057
0.214286 0.785714 0.907115
0.004581 0.642857 0.006161
0.244481 0.337891 0.874053
0.642857 0.928571 0.077306
0.987276 0.066929 0.832277
0.627540 0.984683 0.914868
0.522336 0.996307 0.203096
0.146641 0.531076 0.928626
0.269486 0.979537 0.882554
0.596535 0.822481 0.014549
0.178008 0.985592 0.113787
0.406207 0.318264 0.056611
0.378339 0.813985 0.777528
0.560282 0.982083 0.865819
0.249943 0.536763 0.043825
0.230215 0.674051 0.960320
0.704174 0.007977 0.197128
0.316629 0.474865 0.875005
0.534611 0.748896 0.043812
0.273865 0.223963 0.114479
0.415310 0.900943 0.033898
0.310979 0.810979 0.191049
0.012455 0.369598 0.016949
0.571429 0.214286 0.016949
0.463338 0.608090 0.825218
0.011159 0.665979 0.343183
0.142857 0.500000 0.102120
0.361911 0.230434 0.091917
0.254933 0.469218 0.077373
0.642857 0.428571 0.056458
0.098338 0.619665 0.939604
0.876626 0.869604 0.117418
0.571429 0.428571 0.016949
0.642857 0.857143 0.118258
0.298669 0.757256 0.094383
0.962698 0.754240 0.041469
0.642857 0.584601 0.042408
0.251511 0.928571 0.025488
0.028205 0.589045 0.060163
0.015006 0.357143 0.975800
0.625742 0.792544 0.762122
0.726686 0.726686 0.031978
0.263692 0.551161 0.707876
0.071429 0.326403 0.042240
0.324543 0.126571 0.023773
0.334546 0.158379 0.056565
0.683596 0.897881 0.180964
0.535661 0.928571 0.993801
0.160427 0.642857 0.128742
0.818702 0.426068 0.528756
0.978141 0.030391 0.041356
0.189210 0.522444 0.898305
0.593520 0.857143 0.892777
0.857143 0.357143 0.000000
0.500000 0.285714 0.000000
0.500000 0.714286 0.077353
0.735713 0.827247 0.192874
0.443686 0.531072 0.898712
0.428571 0.000000 0.000605
0.286111 0.024533 0.075254
0.026896 0.996672 0.087209
0.310903 0.668046 0.038803
0.000000 0.571429 0.983051
0.785714 0.642857 0.023664
0.642857 0.994236 0.006428
0.743611 0.998729 0.888842
0.357143 0.009692 0.890380
0.588058 0.831388 0.270891
0.103698 0.259110 0.333711
0.820967 0.934748 0.038495
0.011927 0.472099 0.101695
0.557642 0.322598 0.115464
0.542305 0.304246 0.259666
0.607522 0.891768 0.208198
0.622145 0.749832 0.131202
0.310542 0.477985 0.973585
0.459762 0.823662 0.474183
0.071429 0.500000 0.005588
0.548482 0.905625 0.892884
0.942779 0.422767 0.639635
0.828637 0.991261 0.199086
0.571429 0.071429 0.024108
0.857143 0.285714 0.016949
0.452626 0.697665 0.808799
0.907298 0.510938 0.971875
0.500000 0.357143 0.023972
0.586059 0.785714 0.086314
0.714286 0.642857 0.040447
0.500000 0.142857 0.976853
0.369887 0.501852 0.252976
0.015232 0.833786 0.081161
0.147260 0.410456 0.947599
0.526670 0.666302 0.987997
0.602309 0.332733 0.928265
0.202379 0.293448 0.229955
0.571429 0.285714 0.976351
0.104238 0.471548 0.292026
0.702754 0.970395 0.043513
0.001917 0.840639 0.762825
0.300402 0.064469 0.240642
0.019375 0.682959 0.940563
0.785714 0.357143 0.016949
0.005913 0.468997 0.084746
0.091761 0.625657 0.089044
0.242374 0.307430 0.142337
0.711034 0.186309 0.946968
0.517256 0.907788 0.064571
0.012607 0.287834 0.794630
0.214286 0.428571 0.898691
0.392857 0.785714 0.847458
0.759556 0.879593 0.005604
0.175974 0.440431 0.199095
0.285714 0.950142 0.158016
0.750000 0.321429 0.072453
0.372298 0.914708 0.864961
0.535156 0.676184 0.956392
0.643152 0.748032 0.022761
0.334168 0.371232 0.081713
0.714286 0.214286 0.983051
0.471222 0.529709 0.630856
0.704124 0.738819 0.101695
0.536368 0.511450 0.159912
0.285714 0.520035 0.904644
0.390789 0.258271 0.938918
0.586020 0.012987 0.745411
0.120462 0.879432 0.025210
0.365537 0.611424 0.971663
0.262653 0.714286 0.191402
0.785714 0.071429 0.995856
0.642857 0.071429 0.024042
0.992452 0.528589 0.818331
0.011090 0.952044 0.988970
0.362809 0.014866 0.177636
0.142857 0.399885 0.077162
0.928571 0.428571 0.000000
0.873814 0.605708 0.050847
0.459598 0.683716 0.856428
0.196564 0.693715 0.047680
0.642857 0.357143 0.000000
0.182285 0.509312 0.007159
1.000000 0.285714 0.001154
0.403206 0.071429 0.976465
0.554232 0.197548 0.816589
0.642857 0.285714 0.033898
0.571429 0.142857 0.000000
0.571429 1.000000 0.093691
0.221851 0.683245 0.789542
0.357143 0.844812 0.142898
0.130332 0.740622 0.125282
0.588539 0.642857 0.108109
0.350441 0.214286 0.994913
0.261159 0.666294 0.891910
0.785714 0.571429 0.976951
0.602304 0.745161 0.101695
0.484539 0.127396 0.038755
0.164377 0.653187 0.979303
0.299703 0.502625 0.223150
0.857143 0.285714 0.000000
0.767725 0.701055 0.172601
0.528569 0.814291 0.980441
0.021022 0.380627 0.863287
0.278507 0.769002 0.900079
0.550896 0.457310 0.757939
0.064291 0.323509 0.888656
0.967021 0.421556 0.940963
0.571429 0.142857 0.016949
0.465108 0.679394 0.005764
0.571429 0.928571 0.093735
0.015590 0.229917 0.270564
0.035835 0.617202 0.853445
0.928571 0.428571 0.040333
0.738468 0.987806 0.016949
0.444413 0.173727 0.127377
0.462672 0.890216 0.842138
0.487920 0.524685 0.043521
0.812304 0.071429 0.083368
0.340276 0.829182 0.112958
0.552208 0.659613 0.072496
0.551070 0.614226 0.257877
0.097117 0.479529 0.956576
0.534401 0.677258 0.043578
0.343007 0.512305 0.134899
0.715148 0.855274 0.841690
0.428571 0.571429 0.956054
0.857143 0.571429 0.024018
0.188892 0.944702 0.973565
0.099001 0.542321 0.041289
0.328658 0.884154 0.162745
0.714286 0.428571 0.033898
0.063706 0.624674 0.752562
0.983469 0.602346 0.879687
0.238768 0.381625 0.085739
0.444879 0.153305 0.198978
0.234105 0.538542 0.182210
0.326442 0.683585 0.951518
0.724550 0.204930 0.059516
0.447349 0.844329 0.157802
0.599834 0.885549 0.177095
0.203531 0.867897 0.914733
0.288886 0.966785 0.194566
0.115744 0.938896 0.264428
0.731780 0.532981 0.245041
0.714286 0.142857 0.976853
0.997447 0.200012 0.966188
0.218053 0.559689 0.774620
0.860677 0.580161 0.161608
0.714286 0.071429 0.995832
