# Generated by LORRAX 0.1.0 at 2026-09-07 01:33:08 UTC
  0.000000000  0.000000000  0.000000000      28
       1       1   -5.697471701   -3.780438545
       1       2   -5.697471701   -3.780438545
       1       3    6.249020229    7.727369467
       1       4    6.249020229    7.727369467
       1       5    6.296981266    7.774973422
       1       6    6.296981266    7.774973422
       1       7    6.296981266    7.774973422
       1       8    6.296981266    7.774973422
       1       9    8.798078240   10.889024107
       1      10    8.798078240   10.889024107
       1      11    8.833005637   10.921309877
       1      12    8.833005637   10.921309877
       1      13    8.833005637   10.921309877
       1      14    8.833005637   10.921309877
       1      15    9.629145040   12.353558357
       1      16    9.629145040   12.353558357
       1      17   14.014753960   16.336609402
       1      18   14.014753960   16.336609402
       1      19   14.014753960   16.336609402
       1      20   14.014753960   16.336609402
       1      21   14.243038244   15.730979305
       1      22   14.243038244   15.730979305
       1      23   17.510695287   18.958665171
       1      24   17.510695287   18.958665171
       1      25   17.521348171   18.966669639
       1      26   17.521348171   18.966669639
       1      27   17.521348171   18.966669639
       1      28   17.521348171   18.966669639
  0.000000000  0.000000000  0.250000000      28
       1       1   -4.897280237   -3.111891746
       1       2   -4.897280237   -3.111891746
       1       3    2.340154467    3.704902051
       1       4    2.340154467    3.704902051
       1       5    5.498637708    6.932368453
       1       6    5.498637708    6.932368453
       1       7    5.529911991    6.963341369
       1       8    5.529911991    6.963341369
       1       9    8.294529051   10.510549054
       1      10    8.294529051   10.510549054
       1      11    9.757280235   11.874096092
       1      12    9.757280235   11.874096092
       1      13    9.778786174   11.893045781
       1      14    9.778786174   11.893045781
       1      15   13.192000500   15.511380166
       1      16   13.192000500   15.511380166
       1      17   13.473784722   15.584424311
       1      18   13.473784722   15.584424311
       1      19   13.476685626   15.587511657
       1      20   13.476685626   15.587511657
       1      21   15.270823663   16.765159947
       1      22   15.270823663   16.765159947
       1      23   18.122229263   19.725105243
       1      24   18.122229263   19.725105243
       1      25   20.916823645   22.440034917
       1      26   20.916823645   22.440034917
       1      27   20.923629940   22.444399607
       1      28   20.923629940   22.444399607
  0.000000000  0.000000000  0.500000000      28
       1       1   -3.363335808   -1.696938750
       1       2   -3.363335808   -1.696938750
       1       3   -0.707386878    0.541933619
       1       4   -0.707386878    0.541933619
       1       5    5.057479136    6.443100938
       1       6    5.057479136    6.443100938
       1       7    5.089202442    6.474320920
       1       8    5.089202442    6.474320920
       1       9    7.805254353   10.025739142
       1      10    7.805254353   10.025739142
       1      11    9.594437662   11.650491996
       1      12    9.594437662   11.650491996
       1      13    9.608885543   11.662318977
       1      14    9.608885543   11.662318977
       1      15   14.000434203   15.433247447
       1      16   14.000434203   15.433247447
       1      17   16.847041751   18.994337846
       1      18   16.847041751   18.994337846
       1      19   16.847362496   18.995116026
       1      20   16.847362496   18.995116026
       1      21   17.601367204   19.609619234
       1      22   17.601367204   19.609619234
       1      23   17.629256680   19.639180341
       1      24   17.629256680   19.639180341
       1      25   17.653777925   19.629356089
       1      26   17.653777925   19.629356089
       1      27   19.282204211   21.369206818
       1      28   19.282204211   21.369206818
  0.000000000  0.250000000  0.250000000      28
       1       1   -4.614924260   -2.878979527
       1       2   -4.614924260   -2.878979527
       1       3    2.755222217    4.273867183
       1       4    2.755222217    4.273867183
       1       5    4.373520246    5.708426529
       1       6    4.373520246    5.708426529
       1       7    4.381958415    5.717368760
       1       8    4.381958415    5.717368760
       1       9    7.392384445    9.287595792
       1      10    7.392384445    9.287595792
       1      11    9.398129208   11.347295312
       1      12    9.398129208   11.347295312
       1      13   12.028951258   14.270684087
       1      14   12.028951258   14.270684087
       1      15   12.031517767   14.274386473
       1      16   12.031517767   14.274386473
       1      17   14.339294057   16.840916851
       1      18   14.339294057   16.840916851
       1      19   15.219773724   17.488997226
       1      20   15.219773724   17.488997226
       1      21   17.717558977   19.271237198
       1      22   17.717558977   19.271237198
       1      23   19.280832254   20.771398986
       1      24   19.280832254   20.771398986
       1      25   19.285930223   20.773878078
       1      26   19.285930223   20.773878078
       1      27   20.016257334   21.417761379
       1      28   20.016257334   21.417761379
  0.000000000  0.250000000  0.500000000      28
       1       1   -2.977121444   -1.383106115
       1       2   -2.977121444   -1.383106115
       1       3   -0.116047310    1.275624785
       1       4   -0.116047310    1.275624785
       1       5    2.729549903    3.978905233
       1       6    2.729549903    3.978905233
       1       7    4.062048598    5.363195655
       1       8    4.062048598    5.363195655
       1       9    7.784324901    9.676059569
       1      10    7.784324901    9.676059569
       1      11   10.722895978   12.700642800
       1      12   10.722895978   12.700642800
       1      13   12.017670517   14.293996868
       1      14   12.017670517   14.293996868
       1      15   12.190628633   14.364412510
       1      16   12.190628633   14.364412509
       1      17   16.490596734   18.480309095
       1      18   16.490596734   18.480309095
       1      19   16.831654154   18.950999289
       1      20   16.831654154   18.950999289
       1      21   18.448780866   20.540714716
       1      22   18.448780866   20.540714716
       1      23   18.994917066   20.970258808
       1      24   18.994917066   20.970258808
       1      25   19.316778610   20.999182645
       1      26   19.316778610   20.999182645
       1      27   23.142796650   25.096697994
       1      28   23.142796650   25.096697994
  0.000000000  0.250000000  0.750000000      28
       1       1   -3.652139939   -2.007775675
       1       2   -3.652139939   -2.007775675
       1       3    0.787804058    2.199972093
       1       4    0.787804058    2.199972093
       1       5    2.509648713    3.717051154
       1       6    2.509648713    3.717051154
       1       7    4.943159352    6.326662691
       1       8    4.943159352    6.326662691
       1       9    8.712785503   10.756939245
       1      10    8.712785503   10.756939245
       1      11   11.050366415   13.230745229
       1      12   11.050366415   13.230745229
       1      13   11.420226370   13.495301168
       1      14   11.420226370   13.495301168
       1      15   12.411764444   14.597708335
       1      16   12.411764444   14.597708335
       1      17   12.729592666   14.765398313
       1      18   12.729592666   14.765398313
       1      19   15.910106058   17.967210336
       1      20   15.910106058   17.967210336
       1      21   18.904575657   20.563321847
       1      22   18.904575657   20.563321847
       1      23   19.486089145   21.602132971
       1      24   19.486089145   21.602132971
       1      25   19.746884567   21.138250963
       1      26   19.746884567   21.138250963
       1      27   22.954196534   24.607573898
       1      28   22.954196534   24.607573898
  0.000000000  0.500000000  0.500000000      28
       1       1   -1.550058008   -0.063673869
       1       2   -1.550058008   -0.063673869
       1       3   -1.550058008   -0.063673869
       1       4   -1.550058008   -0.063673869
       1       5    3.412383070    4.654381023
       1       6    3.412383070    4.654381023
       1       7    3.412383070    4.654381023
       1       8    3.412383070    4.654381023
       1       9    6.973645032    8.782305716
       1      10    6.973645032    8.782305716
       1      11    6.973645032    8.782305716
       1      12    6.973645032    8.782305716
       1      13   16.370513251   18.590813726
       1      14   16.370513251   18.590813726
       1      15   16.370513251   18.590813726
       1      16   16.370513251   18.590813726
       1      17   17.284783856   19.489776191
       1      18   17.284783856   19.489776191
       1      19   17.284783856   19.489776191
       1      20   17.284783856   19.489776191
       1      21   18.816608639   20.846463540
       1      22   18.816608639   20.846463540
       1      23   18.816608639   20.846463539
       1      24   18.816608639   20.846463539
       1      25   19.332175124   21.397971055
       1      26   19.332175124   21.397971055
       1      27   19.332175124   21.397971055
       1      28   19.332175124   21.397971055
  0.250000000  0.500000000  0.750000000      28
       1       1   -1.387963555    0.124878941
       1       2   -1.387963555    0.124878941
       1       3   -1.382357590    0.130477328
       1       4   -1.382357590    0.130477328
       1       5    2.402473189    3.571663355
       1       6    2.402473189    3.571663355
       1       7    2.415305277    3.583986055
       1       8    2.415305277    3.583986055
       1       9   10.549131355   12.444294568
       1      10   10.549131355   12.444294568
       1      11   10.549306399   12.444285179
       1      12   10.549306399   12.444285179
       1      13   11.257999417   13.487182160
       1      14   11.257999417   13.487182160
       1      15   11.274463174   13.500787584
       1      16   11.274463174   13.500787584
       1      17   16.859274159   19.082629187
       1      18   16.859274159   19.082629188
       1      19   16.876289249   19.097503436
       1      20   16.876289249   19.097503436
       1      21   19.315122366   21.357197564
       1      22   19.315122366   21.357197564
       1      23   19.334963463   21.374130610
       1      24   19.334963463   21.374130610
       1      25   22.738908194   24.360438096
       1      26   22.738908194   24.360438096
       1      27   22.745084464   24.368849445
       1      28   22.745084464   24.368849445
