# x y z
0.731873 0.559566 0.036025
0.391447 0.927639 0.807435
0.222329 0.422067 0.049327
0.579191 0.278254 0.087197
0.115442 0.194828 0.223605
0.375650 0.567163 0.164721
0.087476 0.605447 0.098759
0.837301 0.422355 0.963533
0.533090 0.516212 0.202856
0.241840 0.733792 0.908811
0.342432 0.302069 0.834648
0.042111 0.543134 0.873727
0.855883 0.626657 0.994567
0.707500 0.216707 0.048960
0.680223 0.586913 0.944452
0.755045 0.271179 0.002711
0.673941 0.911814 0.871366
0.557131 0.990107 0.175104
0.221939 0.515060 0.965798
0.667773 0.042117 0.120504
0.400896 0.959970 0.102895
0.234658 0.215956 0.998274
0.631125 0.436903 0.991682
0.459381 0.968256 0.867515
0.866776 0.228906 0.993333
0.232675 0.773139 0.060699
0.124479 0.398420 0.141704
0.388880 0.763319 0.205615
0.315452 0.954816 0.164216
0.988539 0.655039 0.238816
0.502247 0.597806 0.857624
0.102504 0.770743 0.124327
0.506309 0.102992 0.963955
0.028513 0.378631 0.089163
0.314643 0.692586 0.841864
0.190800 0.865807 0.855901
0.690884 0.955116 0.227674
0.966184 0.525453 0.998109
0.486073 0.864661 0.122517
0.076605 0.405623 0.736344
0.409689 0.549113 0.090871
0.509006 0.225419 0.994251
0.707579 0.949271 0.944438
0.498068 0.176685 0.030990
0.656423 0.321882 0.011189
0.541538 0.058040 0.004784
0.769585 0.943775 0.088102
0.652766 0.556334 0.789687
0.180601 0.717000 0.994771
0.550379 0.687976 0.908881
0.215846 0.696121 0.168064
0.388657 0.623169 0.796358
0.382885 0.821928 0.950141
0.453738 0.713457 0.023550
0.254168 0.010376 0.072466
0.969696 0.834324 0.062957
0.617670 0.785030 0.162556
0.455749 0.930695 0.705569
0.625531 0.547527 0.123635
0.862657 0.463101 0.070544
0.536780 0.980854 0.913937
0.027782 0.886850 0.989975
0.702775 0.222028 0.965749
0.711274 0.399524 0.049378
0.587025 0.718410 0.093927
0.657604 0.356458 0.968240
0.638770 0.558129 0.000973
0.088188 0.636051 0.806328
0.485945 0.464119 0.046969
0.632328 0.918153 0.810866
0.733368 0.797223 0.004967
0.269371 0.969772 0.927019
0.932530 0.596360 0.032891
0.388201 0.396680 0.919138
0.035119 0.614383 0.938619
0.448090 0.376969 0.995637
0.459864 0.660502 0.951803
0.971779 0.776603 0.893004
0.013089 0.962708 0.774479
0.343847 0.000710 0.006925
0.999528 0.374875 0.992732
0.557770 0.963415 0.061783
0.981869 0.413699 0.032813
0.676703 0.088914 0.004275
0.305079 0.657292 0.089469
0.139333 0.488684 0.204846
0.829715 0.351906 0.030121
0.361912 0.989659 0.254207
0.256020 0.500846 0.902370
0.007634 0.325791 0.918385
0.320307 0.379910 0.120876
0.877103 0.093209 0.021271
0.389570 0.605924 0.273474
0.565621 0.357320 0.031025
0.640237 0.337640 0.906706
0.985746 0.952506 0.163596
0.984630 0.511198 0.150012
0.804177 0.464631 0.000254
0.900747 0.104296 0.342713
0.130468 0.390182 0.839439
