# x y z
0.495547 0.050640 0.007603
0.017531 0.655943 0.731038
0.794734 0.313946 0.999323
0.456376 0.361981 0.991309
0.210456 0.858091 0.056013
0.464649 0.418772 0.124397
0.035700 0.599482 0.893372
0.662293 0.195652 0.939938
0.392315 0.636039 0.837431
0.815262 0.529126 0.003331
0.673702 0.201975 0.039993
0.518380 0.615814 0.999033
0.379888 0.984464 0.998857
0.497913 0.807276 0.110550
0.430245 0.822490 0.772794
0.213834 0.492137 0.226447
0.754098 0.491087 0.060313
0.492446 0.980741 0.143331
0.273285 0.555704 0.991444
0.970178 0.362671 0.063307
0.048717 0.412034 0.810894
0.417798 0.786431 0.647239
0.425640 0.910716 0.920791
0.568773 0.889558 0.995842
0.453313 0.554898 0.155893
0.736506 0.869773 0.038641
0.954577 0.381547 0.000108
0.036262 0.030574 0.812065
0.342821 0.653830 0.246895
0.302375 0.986926 0.198770
0.181388 0.476051 0.131219
0.321246 0.776731 0.983266
0.555010 0.769004 0.148112
0.705320 0.428749 0.014558
0.473916 0.150583 0.968043
0.602924 0.657689 0.868999
0.797088 0.005338 0.910798
0.261146 0.356949 0.919415
0.720431 0.286277 0.982657
0.968996 0.269759 0.031604
0.954593 0.777561 0.960197
0.630803 0.408476 0.974041
0.521810 0.129690 0.086134
0.145075 0.266790 0.005666
0.005639 0.559737 0.100684
0.409882 0.998187 0.106962
0.023957 0.004341 0.950618
0.647968 0.142930 0.997329
0.227363 0.708936 0.214219
0.214283 0.378569 0.205125
0.368620 0.971857 0.071624
0.977512 0.691895 0.174174
0.994365 0.879346 0.677614
0.642097 0.318664 0.919281
0.815629 0.413376 0.920261
0.843945 0.563396 0.133215
0.108590 0.414218 0.053332
0.795017 0.861743 0.130850
0.864287 0.396187 0.000585
0.609839 0.737956 0.942646
0.901415 0.444763 0.040855
0.767084 0.054778 0.971841
0.502227 0.236066 0.009701
0.573100 0.565905 0.956718
0.292843 0.814307 0.847957
0.350638 0.527842 0.094690
0.276611 0.622089 0.854395
0.017286 0.679500 0.818916
0.817324 0.998966 0.086896
0.588972 0.948424 0.237701
0.827456 0.784557 0.071694
0.655759 0.779434 0.001983
0.626992 0.173610 0.132552
0.704443 0.361285 0.952139
0.647851 0.095870 0.040746
0.741533 0.353930 0.046671
0.729322 0.619460 0.765087
0.971760 0.862315 0.245185
0.404012 0.293960 0.054566
0.545263 0.883904 0.897900
0.759377 0.576945 0.041581
0.361175 0.812117 0.110632
0.878804 0.284494 0.954827
0.245511 0.538832 0.037495
0.723668 0.703953 0.825537
0.809500 0.906286 0.805155
0.339937 0.660387 0.084641
0.929951 0.428538 0.976605
0.241233 0.131216 0.000440
0.736056 0.508494 0.193062
0.952249 0.101808 0.035775
0.416321 0.305622 0.806668
0.278069 0.711418 0.045112
0.765233 0.936939 0.261125
0.027506 0.667413 0.003003
0.360829 0.979332 0.789715
0.028737 0.973055 0.073062
0.283133 0.432110 0.958110
0.819459 0.431454 0.661673
0.740950 0.426605 0.996753
0.837660 0.468389 0.988654
0.656421 0.139281 0.068878
0.305928 0.951243 0.879409
0.426127 0.862755 0.052171
0.239810 0.991683 0.751216
0.029720 0.754659 0.924428
0.631858 0.593646 0.038888
0.078668 0.550774 0.994247
0.072120 0.822354 0.102212
0.010910 0.552963 0.156059
0.650436 0.693865 0.233021
0.649022 0.321092 0.998153
0.169743 0.425436 0.176000
0.609614 0.809878 0.901008
0.560733 0.291115 0.094300
0.634477 0.959357 0.072803
0.617163 0.050618 0.997696
0.220350 0.310260 0.872798
0.614757 0.001187 0.965878
0.807840 0.197830 0.033980
0.581757 0.145512 0.905680
0.438009 0.870093 0.018020
0.504196 0.725529 0.922380
0.748188 0.009604 0.710770
0.168874 0.617108 0.883391
0.979602 0.816576 0.378964
0.385420 0.350427 0.853171
0.506970 0.499437 0.998177
0.478858 0.243864 0.193753
0.648847 0.363208 0.048607
0.730190 0.558572 0.001637
0.274800 0.793104 0.877484
0.640439 0.896113 0.817969
0.316807 0.642920 0.163346
0.364546 0.163941 0.030167
0.114236 0.955835 0.996078
0.097288 0.203585 0.910005
0.213380 0.688031 0.133000
0.162364 0.827232 0.204626
0.218476 0.478963 0.876874
0.484416 0.342815 0.030845
0.817527 0.440574 0.058695
0.548641 0.338993 0.057813
0.510791 0.975878 0.800819
0.630570 0.416736 0.995835
0.372035 0.722903 0.829869
0.995516 0.824195 0.844898
0.707889 0.265989 0.961540
0.099399 0.519749 0.954487
0.557967 0.617585 0.714031
0.336879 0.676802 0.796685
0.864636 0.287447 0.005751
0.985656 0.386613 0.356144
0.768448 0.021624 0.177147
0.235743 0.214748 0.109204
0.729342 0.436275 0.975092
0.680894 0.235905 0.996554
0.465249 0.668923 0.099498
0.376974 0.458915 0.182994
0.529599 0.752422 0.227118
0.421490 0.784853 0.910302
0.578220 0.260740 0.951524
0.687191 0.839982 0.166527
0.996525 0.553586 0.788139
0.200874 0.231381 0.241522
0.278673 0.523154 0.066478
0.613904 0.077934 0.105842
0.976974 0.298840 0.996164
0.763728 0.026007 0.041477
0.016597 0.662681 0.288261
0.587417 0.129449 0.022997
0.759274 0.211523 0.920040
0.983944 0.490242 0.001006
0.496147 0.975234 0.080467
0.838179 0.226817 0.110326
0.998336 0.328981 0.274089
0.977835 0.533426 0.195879
0.470990 0.455603 0.030699
0.786232 0.388488 0.240341
0.286789 0.519410 0.150840
0.386573 0.678693 0.960539
0.309132 0.879447 0.942373
0.720154 0.419418 0.034147
0.171246 0.756990 0.112961
0.797517 0.151273 0.068478
0.540812 0.472164 0.915670
0.631608 0.125976 0.961327
0.853442 0.399717 0.094529
0.468123 0.380300 0.354276
0.196152 0.354439 0.076822
0.594225 0.215517 0.969121
0.492147 0.359937 0.964993
0.407794 0.646665 0.185583
0.997397 0.218306 0.066503
0.658891 0.259093 0.025322
0.533903 0.801741 0.851325
0.380168 0.176208 0.688305
0.981587 0.659218 0.966502
0.173309 0.679971 0.850776
0.830956 0.332313 0.023919
0.306387 0.494210 0.909731
0.335506 0.647876 0.210180
0.934137 0.008932 0.866072
0.692466 0.345244 0.070473
0.411847 0.493714 0.243555
0.590411 0.580276 0.098546
0.526390 0.866536 0.930718
0.983430 0.354148 0.917524
0.255633 0.019934 0.965425
0.728391 0.413230 0.097408
0.453643 0.871113 0.271793
0.821350 0.540027 0.847681
0.675134 0.264059 0.055942
0.247901 0.807387 0.247356
0.530028 0.234802 0.982562
0.105070 0.479831 0.080312
0.643593 0.526852 0.001695
0.250512 0.341602 0.126542
0.091601 0.468938 0.993919
0.443436 0.637114 0.805402
0.839903 0.296433 0.978577
0.567634 0.444677 0.941789
0.563900 0.323610 0.002339
0.215249 0.193773 0.060300
0.524489 0.169591 0.807243
0.278863 0.826360 0.014050
0.612736 0.933499 0.031254
0.815727 0.727348 0.931805
0.366700 0.973414 0.040937
0.402381 0.573898 0.986294
0.211760 0.230388 0.178900
0.463904 0.238412 0.137691
0.528828 0.771061 0.085778
0.229078 0.441126 0.785199
0.231525 0.732931 0.068484
0.228943 0.558372 0.910954
0.478958 0.379425 0.087342
0.032154 0.960132 0.118034
0.752240 0.231148 0.997864
0.278098 0.873587 0.096814
0.429355 0.586194 0.212179
0.327268 0.812894 0.815446
0.129106 0.863654 0.949227
0.744274 0.126666 0.017379
0.850351 0.386510 0.135822
0.402982 0.711689 0.060278
0.763088 0.024950 0.133310
0.930922 0.439456 0.951718
0.837484 0.517700 0.028305
0.308210 0.597549 0.112411
0.663687 0.450914 0.047611
0.590617 0.188109 0.060432
0.496794 0.033342 0.044443
0.244137 0.017209 0.921970
0.742935 0.515776 0.941698
0.162362 0.399365 0.992498
0.211970 0.987360 0.813737
0.980932 0.954827 0.032684
0.781957 0.557585 0.023192
0.842076 0.345117 0.047247
0.633550 0.860432 0.139144
0.432373 0.488942 0.080627
0.791164 0.395582 0.989548
0.634762 0.853493 0.967377
0.113981 0.551860 0.051100
0.003228 0.495557 0.033039
0.648546 0.398299 0.136679
0.766535 0.863078 0.932311
0.613656 0.182277 0.182605
0.182831 0.794753 0.823537
0.856265 0.483466 0.885774
0.803166 0.193417 0.995718
0.488230 0.565965 0.033858
0.146980 0.598228 0.199448
0.098001 0.682953 0.920906
0.841529 0.607334 0.956523
0.327078 0.843358 0.904893
0.694195 0.590539 0.066964
0.478005 0.522551 0.861881
0.560677 0.679698 0.970879
0.363237 0.469443 0.134857
0.273512 0.531803 0.940755
0.248347 0.003939 0.164290
0.429962 0.498412 0.925828
0.778293 0.871245 0.974245
0.703925 0.446013 0.954902
0.205930 0.366946 0.152986
0.486472 0.961256 0.733430
0.967046 0.976565 0.749063
0.991818 0.671573 0.084420
0.258386 0.520597 0.819273
0.106901 0.493971 0.883999
0.436394 0.151610 0.887060
0.367496 0.652274 0.928864
0.522540 0.920857 0.835304
0.544306 0.699405 0.288315
0.797776 0.289548 0.069208
0.144147 0.412035 0.939974
0.280645 0.704670 0.729619
0.645317 0.577319 0.892182
0.896276 0.952710 0.188268
0.977156 0.591051 0.050523
0.569127 0.693012 0.123913
0.745968 0.356296 0.024967
0.304683 0.986731 0.305043
0.599545 0.921629 0.866960
0.019846 0.216009 0.773969
0.467204 0.200590 0.061203
0.540228 0.992275 0.873947
0.857438 0.534541 0.080508
0.602078 0.037926 0.016865
0.372077 0.323818 0.211529
0.994166 0.519254 0.924792
0.097716 0.557436 0.244685
0.541391 0.990279 0.912084
0.388278 0.664510 0.028043
0.889064 0.563800 0.003975
0.582767 0.367080 0.032953
0.237336 0.958398 0.125738
0.398440 0.870212 0.167105
0.846515 0.504916 0.968900
0.376993 0.005329 0.916923
0.640056 0.490176 0.969392
0.828771 0.637823 0.997930
0.282375 0.266066 0.024411
0.206252 0.293954 0.817713
0.019102 0.678273 0.123135
0.460711 0.272430 0.950477
0.574864 0.848417 0.182499
0.347721 0.503096 0.877697
0.571564 0.257558 0.057797
0.729142 0.588771 0.277521
0.643847 0.342958 0.022932
0.366713 0.051438 0.021201
0.047370 0.665407 0.855706
0.145765 0.755640 0.081113
0.997340 0.714621 0.885533
0.267045 0.270571 0.992412
0.565004 0.378908 0.884978
0.726779 0.610668 0.977536
0.437105 0.601297 0.128949
0.742873 0.714756 0.968356
0.153561 0.374097 0.704502
0.226496 0.757456 0.937280
0.398639 0.596986 0.760608
0.030388 0.535619 0.834540
0.723057 0.011271 0.002176
0.489157 0.627394 0.846715
0.632357 0.854621 0.110997
0.906565 0.462800 0.017660
0.708077 0.426593 0.807502
0.533216 0.895246 0.164363
0.221459 0.782644 0.780649
0.433270 0.173082 0.999779
0.550077 0.622910 0.175825
0.682221 0.061911 0.886259
0.208430 0.601233 0.079319
0.138137 0.892686 0.892207
0.567631 0.640650 0.915074
0.611918 0.548552 0.127986
0.598520 0.754431 0.775746
0.985703 0.229024 0.953258
0.498155 0.973986 0.991870
0.626977 0.019033 0.171595
0.635352 0.978724 0.099403
0.806353 0.799576 0.002745
0.322321 0.880473 0.129698
0.642865 0.024024 0.927453
0.974785 0.570865 0.021021
0.478058 0.812989 0.811657
0.312246 0.477227 0.848188
0.480050 0.155485 0.034308
0.420961 0.323743 0.018712
0.133902 0.703381 0.958243
0.731759 0.254086 0.020010
0.019622 0.257751 0.180385
0.352271 0.383768 0.097304
0.338833 0.325294 0.965844
0.320799 0.734195 0.188690
0.543468 0.556980 0.804736
0.662298 0.807733 0.859295
0.311656 0.524297 0.183224
0.261902 0.688564 0.921443
0.990162 0.211510 0.833941
0.116226 0.694252 0.036471
0.846651 0.997740 0.002149
0.183333 0.990325 0.038283
0.175051 0.656484 0.166376
0.147371 0.621575 0.932534
0.192050 0.482913 0.099251
0.405380 0.611266 0.903985
0.958781 0.877010 0.990034
0.636853 0.444419 0.082456
0.465877 0.739983 0.998596
0.308289 0.448617 0.025861
0.007180 0.430100 0.100171
0.081234 0.955645 0.199256
0.545789 0.811418 0.053408
0.471293 0.680271 0.158812
0.095099 0.611693 0.078607
0.576284 0.092363 0.980986
0.997021 0.032421 0.306054
0.794058 0.639272 0.100746
0.537603 0.169166 0.856499
0.780508 0.326234 0.942550
0.764855 0.288368 0.876802
0.550656 0.145792 0.002882
0.492584 0.945113 0.110875
0.835570 0.281345 0.175645
0.069711 0.183714 0.583887
0.555118 0.520504 0.208291
0.984767 0.573839 0.986059
0.744944 0.005372 0.841646
0.823773 0.542358 0.985779
0.563820 0.737428 0.825421
0.265039 0.003785 0.001344
0.869542 0.619278 0.049871
0.214734 0.852603 0.915300
0.479239 0.559300 0.108164
0.256495 0.869645 0.158108
0.389172 0.173899 0.099520
0.415489 0.436655 0.893359
0.357933 0.971335 0.832838
0.545925 0.186831 0.023967
0.983147 0.177849 0.992968
0.793760 0.363981 0.968730
0.690810 0.730250 0.104564
0.402556 0.810196 0.222856
0.323747 0.668377 0.899287
0.148532 0.540575 0.156769
0.617276 0.468740 0.008672
0.473419 0.068259 0.984610
0.231345 0.619255 0.826270
0.426979 0.963857 0.856340
0.215410 0.860463 0.978739
0.596430 0.505698 0.847106
0.982091 0.444058 0.899845
0.256574 0.640377 0.300012
0.820702 0.442664 0.034820
0.725513 0.492039 0.998575
0.150661 0.379601 0.846993
0.450714 0.246248 0.019588
0.634876 0.526566 0.986542
0.742149 0.532260 0.973117
0.921906 0.765984 0.019882
0.452330 0.821902 0.083954
0.003597 0.350153 0.220337
0.149425 0.570276 0.111943
0.360757 0.773348 0.940077
0.143330 0.764810 0.883765
0.407880 0.358430 0.935787
0.747794 0.660623 0.005371
0.827047 0.452089 0.951344
0.935382 0.608524 0.920508
0.377178 0.477481 0.817965
0.685664 0.989307 0.775735
0.388284 0.909187 0.205844
0.904006 0.495645 0.998360
0.610430 0.978588 0.134626
0.033365 0.299421 0.879800
0.458493 0.042298 0.236209
0.511923 0.267720 0.037007
0.347240 0.083444 0.062204
0.275624 0.760249 0.158774
0.992993 0.755587 0.996316
0.434707 0.603826 0.065908
0.181522 0.864258 0.853468
0.411363 0.196910 0.970910
0.682718 0.842504 0.078494
0.038851 0.838339 0.154021
0.675772 0.601395 0.937864
0.759636 0.780636 0.880593
0.350899 0.436770 0.997657
0.403754 0.270246 0.992226
0.527601 0.883030 0.371015
0.346906 0.265815 0.901146
0.040888 0.067243 0.996147
0.728445 0.329008 0.000413
0.382469 0.014541 0.954942
0.622206 0.283595 0.038811
0.595715 0.359723 0.951634
0.541579 0.473429 0.062257
0.698882 0.916128 0.209166
0.584875 0.387771 0.015034
0.723895 0.951329 0.884019
0.849982 0.033485 0.951669
0.440876 0.592932 0.943213
0.447836 0.997945 0.175807
0.406428 0.373687 0.001519
0.707517 0.205049 0.975408
0.024072 0.526019 0.869256
0.554160 0.432826 0.039266
0.122452 0.755819 0.145382
0.056970 0.462541 0.188428
0.964102 0.481031 0.070172
0.620068 0.604462 0.004294
0.556476 0.452343 0.978112
0.498427 0.804128 0.954874
0.002881 0.375094 0.958955
0.248785 0.183074 0.948792
0.702898 0.173478 0.012670
0.904952 0.194232 0.912261
0.483532 0.293485 0.000959
0.344590 0.816745 0.080320
0.236965 0.624844 0.958960
0.441662 0.976440 0.890806
0.537950 0.950073 0.201598
0.356858 0.182147 0.000950
0.144767 0.503969 0.846902
0.806326 0.635744 0.894984
0.591847 0.999972 0.054881
0.670516 0.508967 0.026465
0.558248 0.310086 0.980301
0.462927 0.836189 0.137216
0.682647 0.242000 0.092686
0.205203 0.630040 0.011702
0.025931 0.400188 0.156389
0.269664 0.815867 0.186290
0.667304 0.333652 0.974916
0.236312 0.693539 0.099987
0.389399 0.085386 0.990284
0.234844 0.009328 0.245575
0.212908 0.054871 0.861889
0.418213 0.822133 0.847069
0.599425 0.703730 0.074963
0.990571 0.396813 0.752018
0.699486 0.465905 0.916779
0.925626 0.631290 0.991562
0.017515 0.774405 0.051905
0.990194 0.587939 0.949550
0.120102 0.522511 0.918536
0.672626 0.675160 0.149778
0.526458 0.425652 0.007492
0.471006 0.210394 0.925736
0.512981 0.193774 0.001399
0.551218 0.583824 0.071420
0.761554 0.731149 0.191665
0.247339 0.424328 0.107959
0.871786 0.170203 0.003856
0.031232 0.179672 0.108309
0.189306 0.580621 0.777694
0.636326 0.280675 0.748518
0.743913 0.141674 0.225456
0.679635 0.740117 0.912573
0.170345 0.658160 0.810889
0.231557 0.568760 0.186613
0.007046 0.671227 0.225161
0.149783 0.309816 0.038924
0.574390 0.162681 0.982873
0.716545 0.123868 0.990579
0.521920 0.371515 0.991838
0.358951 0.334271 0.156010
0.433293 0.846335 0.877755
0.765485 0.173224 0.957851
0.466212 0.781487 0.197746
0.503322 0.308686 0.261784
0.013168 0.800134 0.784932
0.143718 0.688331 0.992237
0.954575 0.376880 0.028813
0.595224 0.040034 0.837126
0.051644 0.332824 0.098411
0.796791 0.425187 0.014510
0.535941 0.124351 0.943576
0.982019 0.387621 0.856916
0.428720 0.768107 0.170968
0.073069 0.596217 0.128873
0.500585 0.997353 0.944986
0.148226 0.408025 0.906293
0.568570 0.282048 0.021294
0.596637 0.235868 0.999938
0.747759 0.723283 0.037172
0.982496 0.114050 0.227995
0.534458 0.471528 0.164306
0.567580 0.725226 0.188897
0.419461 0.895550 0.963780
0.774802 0.264262 0.043042
0.157823 0.842074 0.014110
0.566294 0.159153 0.042106
0.662228 0.114335 0.296188
0.344705 0.335993 0.759192
0.343270 0.411132 0.056246
0.219285 0.982316 0.087602
0.483754 0.577064 0.896375
0.634306 0.199550 0.003331
0.026313 0.452437 0.129292
0.095208 0.424019 0.020429
0.437195 0.466775 0.964147
0.045179 0.309747 0.133674
0.676618 0.937761 0.931464
0.571245 0.715793 0.036510
0.110048 0.703376 0.179931
0.998406 0.916329 0.906832
0.180612 0.695376 0.901055
0.139177 0.280322 0.961974
0.925049 0.637311 0.021317
0.794134 0.235610 0.809307
0.398529 0.029130 0.142707
0.271020 0.408057 0.284824
0.024783 0.088418 0.154498
0.501860 0.702856 0.882110
