# Generated by LORRAX 0.1.0 at 2026-09-06 18:36:29 UTC
  0.000000000  0.000000000  0.000000000      30
       1       1  -65.485401115  -75.546137868
       1       2  -65.485401115  -75.546137868
       1       3  -42.101508627  -47.744909787
       1       4  -42.101508627  -47.744909787
       1       5  -39.581592244  -45.056633633
       1       6  -39.581592244  -45.056633633
       1       7  -39.404758039  -44.723170107
       1       8  -39.404758039  -44.723170107
       1       9  -19.386678124  -22.584828463
       1      10  -19.386678124  -22.584828463
       1      11  -18.188003972  -20.958041494
       1      12  -18.188003972  -20.958041493
       1      13  -10.891105949  -11.505124485
       1      14  -10.891105949  -11.505124485
       1      15   -7.880295064   -7.225962860
       1      16   -7.880295064   -7.225962859
       1      17   -7.820967334   -7.183258239
       1      18   -7.820967334   -7.183258239
       1      19   -7.130138839   -6.988952464
       1      20   -7.130138839   -6.988952463
       1      21   -6.799542460   -6.044229860
       1      22   -6.799542460   -6.044229859
       1      23   -6.718565262   -5.966215899
       1      24   -6.718565262   -5.966215898
       1      25   -5.399529380   -4.639279267
       1      26   -5.399529380   -4.639279270
       1      27   -2.591414898   -0.656289257
       1      28   -2.591414898   -0.656289256
       1      29   -2.515404989   -0.588931628
       1      30   -2.515404989   -0.588931627
  0.000000000  0.166666667  0.000000000      30
       1       1  -65.466914055  -75.564456154
       1       2  -65.466914055  -75.564456154
       1       3  -42.127068891  -47.782561400
       1       4  -42.127068891  -47.782561400
       1       5  -39.595044142  -45.076853635
       1       6  -39.595044142  -45.076853635
       1       7  -39.464854169  -44.817853610
       1       8  -39.464854169  -44.817853610
       1       9  -18.989371614  -22.032454022
       1      10  -18.989371614  -22.032454022
       1      11  -18.013982602  -20.718867488
       1      12  -18.013982602  -20.718867488
       1      13  -10.482189186  -10.916752107
       1      14  -10.482189186  -10.916752107
       1      15   -8.606222950   -8.108155967
       1      16   -8.606222950   -8.108155968
       1      17   -8.256211991   -7.860581424
       1      18   -8.256211991   -7.860581425
       1      19   -7.436331798   -6.809073253
       1      20   -7.436331798   -6.809073255
       1      21   -7.317620967   -6.648466465
       1      22   -7.317620967   -6.648466466
       1      23   -6.409497873   -6.084253127
       1      24   -6.409497873   -6.084253127
       1      25   -5.683237159   -4.915297265
       1      26   -5.683237159   -4.915297264
       1      27   -3.039146356   -1.241067399
       1      28   -3.039146356   -1.241067398
       1      29   -2.737229982   -0.811906665
       1      30   -2.737229982   -0.811906665
  0.000000000  0.333333333  0.000000000      30
       1       1  -65.506138344  -75.593318443
       1       2  -65.506138344  -75.593318444
       1       3  -42.187582329  -47.876775749
       1       4  -42.187582329  -47.876775748
       1       5  -39.675976317  -45.182187491
       1       6  -39.675976317  -45.182187493
       1       7  -39.539144480  -44.950279589
       1       8  -39.539144480  -44.950279589
       1       9  -18.072638667  -20.744130981
       1      10  -18.072638667  -20.744130980
       1      11  -17.617968260  -20.144642111
       1      12  -17.617968260  -20.144642111
       1      13  -10.544227189  -10.937607283
       1      14  -10.544227189  -10.937607281
       1      15   -9.558753675   -9.657510433
       1      16   -9.558753675   -9.657510434
       1      17   -9.178877548   -9.146274765
       1      18   -9.178877548   -9.146274767
       1      19   -8.134775854   -7.535323393
       1      20   -8.134775854   -7.535323392
       1      21   -7.026005711   -6.744846410
       1      22   -7.026005711   -6.744846408
       1      23   -6.612364022   -6.057235137
       1      24   -6.612364022   -6.057235138
       1      25   -6.332605039   -5.646342883
       1      26   -6.332605039   -5.646342881
       1      27   -3.125711726   -1.098243730
       1      28   -3.125711726   -1.098243725
       1      29   -2.998927184   -1.070030899
       1      30   -2.998927184   -1.070030904
  0.000000000  0.500000000  0.000000000      30
       1       1  -65.501755121  -75.569234483
       1       2  -65.501755121  -75.569234484
       1       3  -42.218091601  -47.924907294
       1       4  -42.218091601  -47.924907294
       1       5  -39.734798984  -45.262217400
       1       6  -39.734798984  -45.262217400
       1       7  -39.547663017  -44.969528384
       1       8  -39.547663017  -44.969528384
       1       9  -17.504294603  -19.922981833
       1      10  -17.504294603  -19.922981833
       1      11  -17.384156922  -19.798714060
       1      12  -17.384156922  -19.798714060
       1      13  -11.087003980  -11.841686128
       1      14  -11.087003980  -11.841686128
       1      15  -10.190269226  -10.624631669
       1      16  -10.190269226  -10.624631669
       1      17   -9.410542983   -9.301751859
       1      18   -9.410542983   -9.301751860
       1      19   -8.453144437   -7.867961918
       1      20   -8.453144437   -7.867961919
       1      21   -7.297165184   -6.990398664
       1      22   -7.297165184   -6.990398664
       1      23   -6.242861772   -5.779142812
       1      24   -6.242861772   -5.779142812
       1      25   -5.976596991   -5.391052648
       1      26   -5.976596991   -5.391052647
       1      27   -3.054594418   -0.836481028
       1      28   -3.054594418   -0.836481025
       1      29   -2.542313562   -0.439438108
       1      30   -2.542313562   -0.439438107
  0.166666667  0.166666667  0.000000000      30
       1       1  -65.454704155  -75.528598631
       1       2  -65.454702351  -75.528609145
       1       3  -42.171318481  -47.856462916
       1       4  -42.164083415  -47.840078636
       1       5  -39.637338883  -45.128986867
       1       6  -39.635377596  -45.129459552
       1       7  -39.534840140  -44.952334544
       1       8  -39.526271496  -44.928578099
       1       9  -18.333750532  -21.115394055
       1      10  -18.317970765  -21.093855921
       1      11  -17.722310967  -20.296573227
       1      12  -17.720940342  -20.294965412
       1      13  -10.245441697  -10.496273945
       1      14  -10.220422977  -10.455665226
       1      15   -9.055876980   -8.957617349
       1      16   -9.045612290   -8.930952723
       1      17   -9.017536088   -8.805228891
       1      18   -8.988011486   -8.777097323
       1      19   -8.542490763   -8.086721231
       1      20   -8.516209786   -8.066206380
       1      21   -7.288917537   -6.807300662
       1      22   -7.212765938   -6.732854687
       1      23   -6.417714337   -6.070268520
       1      24   -6.382910895   -6.042571689
       1      25   -6.167898245   -5.383582731
       1      26   -6.098891653   -5.308556605
       1      27   -3.445356678   -1.635018111
       1      28   -3.383625045   -1.576606852
       1      29   -2.847804377   -0.836305132
       1      30   -2.831891285   -0.824325505
  0.166666667  0.333333333  0.000000000      30
       1       1  -65.469301338  -75.534370138
       1       2  -65.469298306  -75.534394247
       1       3  -42.220004547  -47.934060488
       1       4  -42.205205132  -47.904417137
       1       5  -39.716019571  -45.234409062
       1       6  -39.696779197  -45.203782604
       1       7  -39.571856478  -45.025924516
       1       8  -39.569911113  -45.014657501
       1       9  -17.545194014  -19.986451454
       1      10  -17.505785842  -19.931339367
       1      11  -17.368416096  -19.779502700
       1      12  -17.365357489  -19.775813245
       1      13  -10.630284711  -11.167759247
       1      14  -10.618846670  -11.150381014
       1      15  -10.254227545  -10.575805514
       1      16  -10.244311350  -10.558642790
       1      17   -9.147063832   -9.004684487
       1      18   -9.141728676   -8.985233614
       1      19   -8.577034625   -8.237656278
       1      20   -8.560019338   -8.216085847
       1      21   -7.703125068   -7.392282922
       1      22   -7.637756820   -7.319685479
       1      23   -7.116996693   -6.781987547
       1      24   -7.105121919   -6.770206326
       1      25   -5.867210347   -5.084345800
       1      26   -5.764418873   -4.986278303
       1      27   -3.108645010   -1.104002008
       1      28   -3.088901247   -1.105668579
       1      29   -2.527318041   -0.360512762
       1      30   -2.424374751   -0.276264652
  0.333333333  0.333333333  0.000000000      30
       1       1  -65.402691613  -75.406167345
       1       2  -65.402687475  -75.406206665
       1       3  -42.230502994  -47.957534770
       1       4  -42.208095594  -47.909837461
       1       5  -39.712399771  -45.233809305
       1       6  -39.665280679  -45.135673183
       1       7  -39.617592733  -45.119788500
       1       8  -39.602411559  -45.088486695
       1       9  -17.263941236  -19.577023027
       1      10  -17.213068355  -19.555075450
       1      11  -17.209524566  -19.551359298
       1      12  -17.200683553  -19.487772498
       1      13  -10.766172628  -11.245582012
       1      14  -10.757755228  -11.227798252
       1      15   -9.906110002  -10.135630662
       1      16   -9.870740800  -10.090702642
       1      17   -9.445309094   -9.615152643
       1      18   -9.385231762   -9.521516839
       1      19   -8.877518704   -8.629635113
       1      20   -8.854356693   -8.582781052
       1      21   -8.283979300   -8.090431543
       1      22   -8.234426801   -8.047077189
       1      23   -7.582943303   -7.206973327
       1      24   -7.561060488   -7.189506350
       1      25   -5.408321328   -4.518426272
       1      26   -5.274317332   -4.393322184
       1      27   -3.543879219   -1.506948547
       1      28   -3.540220478   -1.501283757
       1      29   -2.366706348   -0.442516515
       1      30   -2.337044109   -0.408528978
