# Generated by LORRAX 0.1.0 at 2026-09-01 07:51:29 UTC
  0.000000000  0.000000000  0.000000000      24
       1       1  -52.157852539  -69.176977069
       1       2  -52.157852539  -69.176977070
       1       3  -23.599948549  -31.205814760
       1       4  -23.599948549  -31.205814760
       1       5  -23.422911759  -31.002697154
       1       6  -23.422911759  -31.002697153
       1       7  -23.422911759  -31.002697199
       1       8  -23.422911759  -31.002697184
       1       9   -1.666259703   -1.988003444
       1      10   -1.666259703   -1.988003444
       1      11   13.252703482   15.884736133
       1      12   13.252703482   15.884736131
       1      13   13.252703482   15.884736134
       1      14   13.252703482   15.884736133
       1      15   13.252703482   15.884736131
       1      16   13.252703482   15.884736132
       1      17   14.242002276   17.047258387
       1      18   14.242002276   17.047258390
       1      19   14.242002276   17.047258389
       1      20   14.242002276   17.047258387
       1      21   14.774815194   17.595397684
       1      22   14.774815194   17.595397685
       1      23   14.774815194   17.595397684
       1      24   14.774815194   17.595397684
  0.000000000  0.000000000  0.125000000      24
       1       1  -52.157606701  -69.177458317
       1       2  -52.157606701  -69.177458317
       1       3  -23.595632760  -31.208275123
       1       4  -23.595632760  -31.208275137
       1       5  -23.421942967  -31.009760850
       1       6  -23.421942967  -31.009760913
       1       7  -23.415087737  -31.000218892
       1       8  -23.415087737  -31.000218864
       1       9   -1.392976265   -1.576282355
       1      10   -1.392976265   -1.576282354
       1      11   10.674619617   12.472662965
       1      12   10.674619617   12.472662965
       1      13   12.038877724   14.216973483
       1      14   12.038877724   14.216973483
       1      15   12.452949342   14.998633765
       1      16   12.452949342   14.998633762
       1      17   12.889736555   15.364695598
       1      18   12.889736555   15.364695605
       1      19   13.512523338   16.242741515
       1      20   13.512523338   16.242741516
       1      21   15.144307344   18.611447552
       1      22   15.144307344   18.611447548
       1      23   15.234702414   18.650426832
       1      24   15.234702414   18.650426797
  0.000000000  0.000000000  0.250000000      24
       1       1  -52.157061254  -69.177485490
       1       2  -52.157061254  -69.177485490
       1       3  -23.618272695  -31.223163071
       1       4  -23.618272695  -31.223163058
       1       5  -23.454334886  -31.031975984
       1       6  -23.454334886  -31.031975976
       1       7  -23.418188979  -31.007180758
       1       8  -23.418188979  -31.007180792
       1       9   -0.582167252   -0.347384826
       1      10   -0.582167252   -0.347384828
       1      11    7.571803249    8.087970495
       1      12    7.571803249    8.087970492
       1      13   10.786960450   12.521676974
       1      14   10.786960450   12.521676974
       1      15   11.500954675   13.795825716
       1      16   11.500954675   13.795825746
       1      17   11.726676509   13.843650257
       1      18   11.726676509   13.843650274
       1      19   12.742081591   15.341820075
       1      20   12.742081591   15.341820074
       1      21   15.767503532   19.124800598
       1      22   15.767503532   19.124800599
       1      23   15.844772965   19.332271574
       1      24   15.844772965   19.332271574
  0.000000000  0.000000000  0.375000000      24
       1       1  -52.156476126  -69.177217502
       1       2  -52.156476126  -69.177217503
       1       3  -23.618237399  -31.224896154
       1       4  -23.618237399  -31.224896147
       1       5  -23.451846216  -31.030469452
       1       6  -23.451846216  -31.030469456
       1       7  -23.426700351  -31.012398602
       1       8  -23.426700351  -31.012398610
       1       9    0.744151547    1.686906272
       1      10    0.744151547    1.686906271
       1      11    4.864266257    4.879440527
       1      12    4.864266257    4.879440527
       1      13   10.016576500   11.458326378
       1      14   10.016576500   11.458326378
       1      15   10.901959165   13.005264073
       1      16   10.901959165   13.005264051
       1      17   11.028204615   12.905068347
       1      18   11.028204615   12.905068339
       1      19   12.066373583   14.456092990
       1      20   12.066373583   14.456092992
       1      21   16.815582439   20.374564872
       1      22   16.815582439   20.374564858
       1      23   17.077884966   20.626914370
       1      24   17.077884966   20.626914370
  0.000000000  0.000000000  0.500000000      24
       1       1  -52.156245799  -69.177390257
       1       2  -52.156245799  -69.177390258
       1       3  -23.630225653  -31.234230433
       1       4  -23.630225653  -31.234230439
       1       5  -23.466011265  -31.038700192
       1       6  -23.466011265  -31.038700204
       1       7  -23.433980053  -31.026015696
       1       8  -23.433980053  -31.026015703
       1       9    2.378069349    3.240477697
       1      10    2.378069349    3.240477698
       1      11    2.768992181    2.842550134
       1      12    2.768992181    2.842550134
       1      13    9.758302218   11.099040809
       1      14    9.758302218   11.099040808
       1      15   10.700719296   12.739856658
       1      16   10.700719296   12.739856658
       1      17   10.794068145   12.582942731
       1      18   10.794068145   12.582942736
       1      19   11.815269810   14.118491679
       1      20   11.815269810   14.118491679
       1      21   17.647653012   21.140356089
       1      22   17.647653012   21.140356089
       1      23   18.908260869   22.968806167
       1      24   18.908260869   22.968806171
  0.000000000  0.125000000  0.250000000      24
       1       1  -52.157224472  -69.177180899
       1       2  -52.157224472  -69.177180899
       1       3  -23.610550293  -31.221324884
       1       4  -23.610550293  -31.221324918
       1       5  -23.435340207  -31.021124434
       1       6  -23.435340207  -31.021124418
       1       7  -23.431807419  -31.015444367
       1       8  -23.431807419  -31.015444378
       1       9   -0.850707950   -0.756426130
       1      10   -0.850707950   -0.756426131
       1      11    8.989851696   10.114458002
       1      12    8.989851696   10.114458007
       1      13    9.566633027   11.018982957
       1      14    9.566633027   11.018982965
       1      15   11.458258214   13.678949957
       1      16   11.458258214   13.678949971
       1      17   12.960300565   15.391802615
       1      18   12.960300565   15.391802612
       1      19   13.783062937   16.676902560
       1      20   13.783062937   16.676902552
       1      21   15.465352883   18.794609869
       1      22   15.465352883   18.794609862
       1      23   15.662887426   19.115593651
       1      24   15.662887426   19.115593669
  0.000000000  0.125000000  0.375000000      24
       1       1  -52.156681696  -69.177468088
       1       2  -52.156681696  -69.177468088
       1       3  -23.634828721  -31.241108715
       1       4  -23.634828721  -31.241108721
       1       5  -23.464725391  -31.043610562
       1       6  -23.464725391  -31.043610567
       1       7  -23.448742136  -31.032230941
       1       8  -23.448742136  -31.032230978
       1       9    0.216927656    0.880002579
       1      10    0.216927656    0.880002578
       1      11    6.322670912    6.319111147
       1      12    6.322670912    6.319111143
       1      13    8.372731690    9.289976005
       1      14    8.372731690    9.289976003
       1      15   10.551701451   12.454736150
       1      16   10.551701451   12.454736135
       1      17   12.372383948   14.672843757
       1      18   12.372383948   14.672843770
       1      19   14.141135211   17.043591231
       1      20   14.141135211   17.043591236
       1      21   15.034711187   18.211532782
       1      22   15.034711187   18.211532795
       1      23   17.804218221   21.633610790
       1      24   17.804218221   21.633610786
  0.000000000  0.125000000  0.500000000      24
       1       1  -52.156246245  -69.177509239
       1       2  -52.156246245  -69.177509239
       1       3  -23.629714371  -31.237994508
       1       4  -23.629714371  -31.237994480
       1       5  -23.464122649  -31.044727246
       1       6  -23.464122649  -31.044727230
       1       7  -23.435233734  -31.023127168
       1       8  -23.435233734  -31.023127170
       1       9    1.776893467    2.827096801
       1      10    1.776893467    2.827096801
       1      11    3.862691075    3.884277662
       1      12    3.862691075    3.884277664
       1      13    7.864247426    8.526199794
       1      14    7.864247426    8.526199787
       1      15   10.082118531   11.804381968
       1      16   10.082118531   11.804381962
       1      17   11.931460565   14.100099718
       1      18   11.931460565   14.100099714
       1      19   14.028879406   16.901355766
       1      20   14.028879406   16.901355771
       1      21   15.966691715   19.210830273
       1      22   15.966691715   19.210830266
       1      23   18.066903515   21.978494963
       1      24   18.066903515   21.978494958
  0.000000000  0.250000000  0.500000000      24
       1       1  -52.156249805  -69.177704564
       1       2  -52.156249805  -69.177704564
       1       3  -23.629562923  -31.241227096
       1       4  -23.629562923  -31.241227077
       1       5  -23.460354517  -31.048129611
       1       6  -23.460354517  -31.048129593
       1       7  -23.442258752  -31.024407029
       1       8  -23.442258752  -31.024407023
       1       9    1.522482130    2.642372631
       1      10    1.522482130    2.642372632
       1      11    5.297413996    5.281405389
       1      12    5.297413996    5.281405389
       1      13    6.004578555    6.066929067
       1      14    6.004578555    6.066929064
       1      15    9.823341878   11.436389571
       1      16    9.823341878   11.436389585
       1      17   13.241259927   15.704849170
       1      18   13.241259927   15.704849169
       1      19   14.120146385   17.055246853
       1      20   14.120146385   17.055246864
       1      21   16.894156423   20.366179345
       1      22   16.894156423   20.366179345
       1      23   17.606185761   21.369414461
       1      24   17.606185761   21.369414458
  0.000000000  0.250000000  0.625000000      24
       1       1  -52.156061032  -69.177670187
       1       2  -52.156061032  -69.177670187
       1       3  -23.623713005  -31.234533697
       1       4  -23.623713005  -31.234533707
       1       5  -23.453770994  -31.036436816
       1       6  -23.453770994  -31.036436836
       1       7  -23.437959356  -31.027536809
       1       8  -23.437959356  -31.027536818
       1       9    3.102698934    3.940905682
       1      10    3.102698934    3.940905683
       1      11    3.527214344    3.570083288
       1      12    3.527214344    3.570083289
       1      13    5.488180722    5.542796556
       1      14    5.488180722    5.542796556
       1      15    9.578272683   11.083657031
       1      16    9.578272683   11.083657039
       1      17   13.326603540   15.861779614
       1      18   13.326603540   15.861779619
       1      19   14.982854945   17.882807428
       1      20   14.982854945   17.882807429
       1      21   15.831444937   19.328182798
       1      22   15.831444937   19.328182811
       1      23   17.802450192   21.611108128
       1      24   17.802450192   21.611108117
  0.125000000  0.125000000  0.125000000      24
       1       1  -52.157400084  -69.177344284
       1       2  -52.157400084  -69.177344284
       1       3  -23.609567455  -31.216495623
       1       4  -23.609567455  -31.216495593
       1       5  -23.436836638  -31.018961896
       1       6  -23.436836638  -31.018961890
       1       7  -23.427570125  -31.006904284
       1       8  -23.427570125  -31.006904278
       1       9   -1.121308647   -1.167963052
       1      10   -1.121308647   -1.167963052
       1      11   10.632138722   12.465710552
       1      12   10.632138722   12.465710546
       1      13   10.636402531   12.469856901
       1      14   10.636402531   12.469856908
       1      15   10.830322447   12.522736370
       1      16   10.830322447   12.522736370
       1      17   12.462260115   15.119731669
       1      18   12.462260115   15.119731658
       1      19   13.773269599   16.503541495
       1      20   13.773269599   16.503541495
       1      21   15.451880320   18.881820070
       1      22   15.451880320   18.881820083
       1      23   15.461700895   18.907256776
       1      24   15.461700895   18.907256775
  0.125000000  0.125000000  0.250000000      24
       1       1  -52.156842147  -69.177171511
       1       2  -52.156842147  -69.177171512
       1       3  -23.617862949  -31.224005664
       1       4  -23.617862949  -31.224005661
       1       5  -23.452559252  -31.032138675
       1       6  -23.452559252  -31.032138722
       1       7  -23.419566134  -31.006705872
       1       8  -23.419566134  -31.006705897
       1       9   -0.314594426    0.067490908
       1      10   -0.314594426    0.067490906
       1      11    7.782218262    8.391186725
       1      12    7.782218262    8.391186724
       1      13    9.469690563   10.871159787
       1      14    9.469690563   10.871159780
       1      15   10.280346925   11.918168566
       1      16   10.280346925   11.918168567
       1      17   12.243188118   14.725671791
       1      18   12.243188118   14.725671753
       1      19   13.266072336   15.909205075
       1      20   13.266072336   15.909205076
       1      21   14.703188720   17.826971437
       1      22   14.703188720   17.826971453
       1      23   17.408812158   21.178767828
       1      24   17.408812158   21.178767822
  0.125000000  0.125000000  0.375000000      24
       1       1  -52.156243009  -69.177082277
       1       2  -52.156243009  -69.177082277
       1       3  -23.604095977  -31.214760736
       1       4  -23.604095977  -31.214760781
       1       5  -23.434068547  -31.016762769
       1       6  -23.434068547  -31.016762774
       1       7  -23.419136582  -31.007553698
       1       8  -23.419136582  -31.007553716
       1       9    1.006041855    2.088459248
       1      10    1.006041855    2.088459249
       1      11    5.108771020    5.124052734
       1      12    5.108771020    5.124052735
       1      13    8.763317904    9.858285591
       1      14    8.763317904    9.858285594
       1      15    9.632116989   11.049912503
       1      16    9.632116989   11.049912503
       1      17   12.640914121   15.116975448
       1      18   12.640914121   15.116975445
       1      19   13.137076138   15.799179901
       1      20   13.137076138   15.799179900
       1      21   14.100398309   16.960939065
       1      22   14.100398309   16.960939064
       1      23   17.349993511   21.101242466
       1      24   17.349993511   21.101242464
  0.125000000  0.125000000  0.500000000      24
       1       1  -52.156015534  -69.176893473
       1       2  -52.156015534  -69.176893474
       1       3  -23.612472693  -31.221745740
       1       4  -23.612472693  -31.221745726
       1       5  -23.444902616  -31.027613695
       1       6  -23.444902616  -31.027613694
       1       7  -23.421608804  -31.007047290
       1       8  -23.421608804  -31.007047277
       1       9    2.620140287    3.473948002
       1      10    2.620140287    3.473948000
       1      11    3.037484411    3.107059059
       1      12    3.037484411    3.107059059
       1      13    8.527072089    9.514286054
       1      14    8.527072089    9.514286054
       1      15    9.390139120   10.716597190
       1      16    9.390139120   10.716597190
       1      17   12.422963149   14.834169861
       1      18   12.422963149   14.834169861
       1      19   13.501021361   16.272901257
       1      20   13.501021361   16.272901258
       1      21   14.492567320   17.281144616
       1      22   14.492567320   17.281144615
       1      23   15.989081154   19.549505459
       1      24   15.989081154   19.549505455
  0.125000000  0.250000000  0.375000000      24
       1       1  -52.156255286  -69.176888887
       1       2  -52.156255286  -69.176888887
       1       3  -23.600231438  -31.211859292
       1       4  -23.600231438  -31.211859354
       1       5  -23.429475714  -31.012386386
       1       6  -23.429475714  -31.012386362
       1       7  -23.416270374  -31.006982725
       1       8  -23.416270374  -31.006982768
       1       9    0.744850239    1.691651615
       1      10    0.744850239    1.691651615
       1      11    6.529579144    6.486135442
       1      12    6.529579144    6.486135440
       1      13    7.238263033    7.648793220
       1      14    7.238263033    7.648793226
       1      15   10.503098549   12.160968176
       1      16   10.503098549   12.160968175
       1      17   11.607330094   13.900110717
       1      18   11.607330094   13.900110735
       1      19   12.892743668   15.434087280
       1      20   12.892743668   15.434087294
       1      21   16.234403980   19.612894757
       1      22   16.234403980   19.612894754
       1      23   16.969025994   20.650405000
       1      24   16.969025994   20.650404997
  0.125000000  0.250000000  0.500000000      24
       1       1  -52.155906969  -69.176904210
       1       2  -52.155906969  -69.176904210
       1       3  -23.628774461  -31.235958633
       1       4  -23.628774461  -31.235958637
       1       5  -23.461667608  -31.043239683
       1       6  -23.461667608  -31.043239716
       1       7  -23.436842639  -31.019911951
       1       8  -23.436842639  -31.019911960
       1       9    2.286541785    3.182899410
       1      10    2.286541785    3.182899409
       1      11    4.348540814    4.363779466
       1      12    4.348540814    4.363779466
       1      13    6.472047203    6.497210630
       1      14    6.472047203    6.497210629
       1      15   10.411310323   12.089846585
       1      16   10.411310323   12.089846588
       1      17   12.327670595   14.749353622
       1      18   12.327670595   14.749353626
       1      19   12.604231443   14.984922211
       1      20   12.604231443   14.984922211
       1      21   14.654155666   17.807017221
       1      22   14.654155666   17.807017226
       1      23   16.821732521   20.392615428
       1      24   16.821732521   20.392615425
  0.125000000  0.375000000  0.125000000      24
       1       1  -52.156825023  -69.176950156
       1       2  -52.156825023  -69.176950157
       1       3  -23.629611329  -31.230740323
       1       4  -23.629611329  -31.230740324
       1       5  -23.459562646  -31.032243755
       1       6  -23.459562646  -31.032243755
       1       7  -23.443187251  -31.024183076
       1       8  -23.443187251  -31.024183082
       1       9   -0.048219890    0.467295434
       1      10   -0.048219890    0.467295434
       1      11    7.748397765    8.301699284
       1      12    7.748397765    8.301699284
       1      13    7.751669394    8.305816445
       1      14    7.751669394    8.305816446
       1      15    9.078124711   10.560186017
       1      16    9.078124711   10.560186014
       1      17   15.298528630   18.305295034
       1      18   15.298528630   18.305295034
       1      19   15.298532036   18.305452824
       1      20   15.298532036   18.305452824
       1      21   16.256017257   19.959060768
       1      22   16.256017257   19.959060764
       1      23   16.267642490   19.972665208
       1      24   16.267642490   19.972665206
  0.125000000  0.375000000  0.625000000      24
       1       1  -52.155775734  -69.177342449
       1       2  -52.155775734  -69.177342449
       1       3  -23.643669617  -31.250696256
       1       4  -23.643669617  -31.250696253
       1       5  -23.481370633  -31.064305075
       1       6  -23.481370633  -31.064305089
       1       7  -23.443110360  -31.021456270
       1       8  -23.443110360  -31.021456272
       1       9    3.827416722    4.661080577
       1      10    3.827416722    4.661080577
       1      11    3.832726458    3.815972960
       1      12    3.832726458    3.815972962
       1      13    4.735638774    4.853016329
       1      14    4.735638774    4.853016329
       1      15   11.754650676   13.803200317
       1      16   11.754650676   13.803200318
       1      17   11.757236760   13.805951641
       1      18   11.757236760   13.805951643
       1      19   12.166158005   14.546779813
       1      20   12.166158005   14.546779813
       1      21   13.526321598   16.542030687
       1      22   13.526321598   16.542030687
       1      23   19.751510250   23.892086458
       1      24   19.751510250   23.892086460
  0.125000000  0.500000000  0.125000000      24
       1       1  -52.156387725  -69.178096631
       1       2  -52.156387725  -69.178096631
       1       3  -23.629315757  -31.241215586
       1       4  -23.629315757  -31.241215593
       1       5  -23.456917404  -31.046110290
       1       6  -23.456917404  -31.046110284
       1       7  -23.447349965  -31.028855456
       1       8  -23.447349965  -31.028855473
       1       9    1.264432914    2.408096167
       1      10    1.264432914    2.408096164
       1      11    5.311779777    5.321496375
       1      12    5.311779777    5.321496378
       1      13    7.007383790    7.149298848
       1      14    7.007383790    7.149298846
       1      15    8.088237473    9.079321574
       1      16    8.088237473    9.079321575
       1      17   15.041079908   17.982206594
       1      18   15.041079908   17.982206600
       1      19   15.481641822   18.687722778
       1      20   15.481641822   18.687722768
       1      21   17.245511783   20.904231120
       1      22   17.245511783   20.904231105
       1      23   17.518766167   21.227429127
       1      24   17.518766167   21.227429140
  0.125000000  0.625000000  0.125000000      24
       1       1  -52.156220415  -69.177994503
       1       2  -52.156220415  -69.177994503
       1       3  -23.638228197  -31.249193539
       1       4  -23.638228197  -31.249193572
       1       5  -23.467057098  -31.048839133
       1       6  -23.467057098  -31.048839106
       1       7  -23.454554685  -31.044487153
       1       8  -23.454554685  -31.044487141
       1       9    2.859913073    3.704304571
       1      10    2.859913073    3.704304569
       1      11    3.288693530    3.341660791
       1      12    3.288693530    3.341660791
       1      13    6.759321361    6.768603967
       1      14    6.759321361    6.768603974
       1      15    7.801722918    8.636570280
       1      16    7.801722918    8.636570272
       1      17   14.814256896   17.685643449
       1      18   14.814256896   17.685643435
       1      19   15.374942953   18.585110246
       1      20   15.374942953   18.585110244
       1      21   18.086587053   21.673835950
       1      22   18.086587053   21.673835948
       1      23   19.339264342   23.558888360
       1      24   19.339264342   23.558888353
  0.125000000  0.625000000  0.250000000      24
       1       1  -52.156177939  -69.177791188
       1       2  -52.156177939  -69.177791188
       1       3  -23.625410316  -31.234207745
       1       4  -23.625410316  -31.234207752
       1       5  -23.452700329  -31.035101072
       1       6  -23.452700329  -31.035101067
       1       7  -23.444084464  -31.027548852
       1       8  -23.444084464  -31.027548858
       1       9    2.782884040    3.659996197
       1      10    2.782884040    3.659996196
       1      11    4.561349531    4.546053628
       1      12    4.561349531    4.546053626
       1      13    5.174587261    5.234127692
       1      14    5.174587261    5.234127694
       1      15    7.221391754    7.707219234
       1      16    7.221391754    7.707219236
       1      17   16.418726178   19.648080512
       1      18   16.418726178   19.648080514
       1      19   16.947791688   20.487868201
       1      20   16.947791688   20.487868213
       1      21   17.961365590   21.605176860
       1      22   17.961365590   21.605176861
       1      23   18.645025881   22.545096466
       1      24   18.645025881   22.545096464
  0.250000000  0.250000000  0.250000000      24
       1       1  -52.156299105  -69.176516327
       1       2  -52.156299105  -69.176516327
       1       3  -23.609710605  -31.211591556
       1       4  -23.609710605  -31.211591563
       1       5  -23.436316685  -31.012175276
       1       6  -23.436316685  -31.012175271
       1       7  -23.429410150  -31.005505194
       1       8  -23.429410150  -31.005505189
       1       9    0.482281778    1.290192530
       1      10    0.482281778    1.290192530
       1      11    8.210326394    8.872261965
       1      12    8.210326394    8.872261965
       1      13    8.310794202    9.228601483
       1      14    8.310794202    9.228601486
       1      15    8.317305414    9.236847998
       1      16    8.317305414    9.236848000
       1      17   10.124414936   11.968237311
       1      18   10.124414936   11.968237313
       1      19   15.332099195   18.396687180
       1      20   15.332099195   18.396687180
       1      21   16.178188598   19.617610675
       1      22   16.178188598   19.617610676
       1      23   16.746989580   20.383865988
       1      24   16.746989580   20.383865994
  0.250000000  0.250000000  0.375000000      24
       1       1  -52.155787809  -69.176669289
       1       2  -52.155787809  -69.176669289
       1       3  -23.627526344  -31.230466646
       1       4  -23.627526344  -31.230466604
       1       5  -23.459221598  -31.035008145
       1       6  -23.459221598  -31.035008145
       1       7  -23.438417664  -31.019062897
       1       8  -23.438417664  -31.019062869
       1       9    1.781383944    2.833332399
       1      10    1.781383944    2.833332398
       1      11    5.810355420    5.812451997
       1      12    5.810355420    5.812452001
       1      13    7.618788756    8.194009797
       1      14    7.618788756    8.194009793
       1      15    8.221851843    9.022769997
       1      16    8.221851843    9.022769999
       1      17   10.269095186   12.037634781
       1      18   10.269095186   12.037634786
       1      19   14.073440842   17.075867025
       1      20   14.073440842   17.075867037
       1      21   15.215212054   18.305790507
       1      22   15.215212054   18.305790506
       1      23   16.798921607   20.401378351
       1      24   16.798921607   20.401378360
  0.250000000  0.250000000  0.500000000      24
       1       1  -52.155543453  -69.176595523
       1       2  -52.155543453  -69.176595523
       1       3  -23.617214792  -31.226472919
       1       4  -23.617214792  -31.226472947
       1       5  -23.448439045  -31.029976260
       1       6  -23.448439045  -31.029976242
       1       7  -23.429308728  -31.018070564
       1       8  -23.429308728  -31.018070559
       1       9    3.346526974    4.177892349
       1      10    3.346526974    4.177892351
       1      11    3.819191263    3.868871549
       1      12    3.819191263    3.868871549
       1      13    7.389674427    7.834014169
       1      14    7.389674427    7.834014172
       1      15    8.028915409    8.749143651
       1      16    8.028915409    8.749143651
       1      17   11.262103752   13.166145325
       1      18   11.262103752   13.166145327
       1      19   12.576602685   15.330434884
       1      20   12.576602685   15.330434889
       1      21   15.019191125   18.054610048
       1      22   15.019191125   18.054610046
       1      23   16.592877188   20.094683207
       1      24   16.592877188   20.094683210
  0.250000000  0.375000000  0.500000000      24
       1       1  -52.155425635  -69.176603208
       1       2  -52.155425635  -69.176603208
       1       3  -23.626133118  -31.231753653
       1       4  -23.626133118  -31.231753667
       1       5  -23.457443426  -31.037341247
       1       6  -23.457443426  -31.037341278
       1       7  -23.439221612  -31.019223311
       1       8  -23.439221612  -31.019223292
       1       9    3.287063654    4.140294201
       1      10    3.287063654    4.140294198
       1      11    5.053153850    5.031014119
       1      12    5.053153850    5.031014120
       1      13    5.778722972    5.850961839
       1      14    5.778722972    5.850961840
       1      15    9.020318139   10.134915497
       1      16    9.020318139   10.134915495
       1      17    9.856945862   11.394797714
       1      18    9.856945862   11.394797713
       1      19   12.013803038   14.563304951
       1      20   12.013803038   14.563304968
       1      21   15.336242346   18.456990148
       1      22   15.336242346   18.456990144
       1      23   19.095565452   23.129055533
       1      24   19.095565452   23.129055510
  0.250000000  0.750000000  0.250000000      24
       1       1  -52.156119318  -69.177138157
       1       2  -52.156119318  -69.177138157
       1       3  -23.606109181  -31.210481693
       1       4  -23.606109181  -31.210481717
       1       5  -23.429591480  -31.007986956
       1       6  -23.429591480  -31.007986944
       1       7  -23.429591480  -31.007986933
       1       8  -23.429591480  -31.007986950
       1       9    4.313602733    5.161225954
       1      10    4.313602733    5.161225953
       1      11    4.321126479    4.305192897
       1      12    4.321126479    4.305192902
       1      13    4.321126479    4.305192904
       1      14    4.321126479    4.305192899
       1      15    5.811084768    6.024583028
       1      16    5.811084768    6.024583029
       1      17   18.839434925   22.627775566
       1      18   18.839434925   22.627775568
       1      19   18.839434925   22.627775568
       1      20   18.839434925   22.627775570
       1      21   19.703621704   23.751914824
       1      22   19.703621704   23.751914804
       1      23   19.707640192   23.752433587
       1      24   19.707640192   23.752433575
  0.375000000  0.375000000  0.375000000      24
       1       1  -52.155315525  -69.177543383
       1       2  -52.155315525  -69.177543383
       1       3  -23.638177601  -31.246323507
       1       4  -23.638177601  -31.246323525
       1       5  -23.467433566  -31.047410675
       1       6  -23.467433566  -31.047410623
       1       7  -23.453889252  -31.040464583
       1       8  -23.453889252  -31.040464565
       1       9    3.049065779    3.910534458
       1      10    3.049065779    3.910534463
       1      11    6.636201828    6.515840382
       1      12    6.636201828    6.515840382
       1      13    6.926014648    7.088848443
       1      14    6.926014648    7.088848443
       1      15    6.934018431    7.100663901
       1      16    6.934018431    7.100663898
       1      17    8.367265009    9.387888049
       1      18    8.367265009    9.387888050
       1      19   11.660021100   14.045290965
       1      20   11.660021100   14.045290951
       1      21   17.912001300   21.489952090
       1      22   17.912001300   21.489952088
       1      23   18.869793312   22.837255107
       1      24   18.869793312   22.837255111
  0.375000000  0.375000000  0.500000000      24
       1       1  -52.155091914  -69.176769318
       1       2  -52.155091914  -69.176769318
       1       3  -23.629492742  -31.235946345
       1       4  -23.629492742  -31.235946317
       1       5  -23.461433901  -31.042875669
       1       6  -23.461433901  -31.042875734
       1       7  -23.439460804  -31.018462624
       1       8  -23.439460804  -31.018462623
       1       9    4.564289614    5.387650343
       1      10    4.564289614    5.387650332
       1      11    5.010922332    5.027735324
       1      12    5.010922332    5.027735323
       1      13    6.703583421    6.737127083
       1      14    6.703583421    6.737127101
       1      15    7.112132411    7.339603138
       1      16    7.112132411    7.339603139
       1      17    8.529801255    9.438970281
       1      18    8.529801255    9.438970261
       1      19   10.226491823   12.281579939
       1      20   10.226491823   12.281579925
       1      21   18.096657958   21.755287835
       1      22   18.096657958   21.755287833
       1      23   19.285268358   23.319342268
       1      24   19.285268358   23.319342270
  0.500000000  0.500000000  0.500000000      24
       1       1  -52.154740184  -69.175876891
       1       2  -52.154740184  -69.175876890
       1       3  -23.541403010  -31.158259180
       1       4  -23.541403010  -31.158259120
       1       5  -23.365709140  -30.956559390
       1       6  -23.365709140  -30.956559377
       1       7  -23.365709140  -30.956559351
       1       8  -23.365709140  -30.956559383
       1       9    6.111284544    6.436433026
       1      10    6.111284544    6.436433026
       1      11    6.111284544    6.436433026
       1      12    6.111284544    6.436433026
       1      13    6.478525831    6.486057564
       1      14    6.478525831    6.486057545
       1      15    6.491295754    6.496930092
       1      16    6.491295754    6.496930102
       1      17    6.491295754    6.496930091
       1      18    6.491295754    6.496930093
       1      19    9.061813164   10.733710739
       1      20    9.061813164   10.733710739
       1      21   20.919463273   25.132519701
       1      22   20.919463273   25.132519700
       1      23   20.919463273   25.132519701
       1      24   20.919463273   25.132519702
